,BPD19H00_BB078_CD3-CD8+.fcs.density.fcs.cluster.fcs.anno.Rsave,BPD19H00_BB231_CD3-CD8+.fcs.density.fcs.cluster.fcs.anno.Rsave,BPD19H00_BC641_CD3-CD8+.fcs.density.fcs.cluster.fcs.anno.Rsave,BPD19H00_BD620_CD3-CD8+.fcs.density.fcs.cluster.fcs.anno.Rsave,PBD00H00_BB078_CD3-CD8+.fcs.density.fcs.cluster.fcs.anno.Rsave,PBD00H00_BB231_CD3-CD8+.fcs.density.fcs.cluster.fcs.anno.Rsave,PBD00H00_BD620_CD3-CD8+.fcs.density.fcs.cluster.fcs.anno.Rsave,PBD00H03_BB078_CD3-CD8+.fcs.density.fcs.cluster.fcs.anno.Rsave,PBD00H03_BB231_CD3-CD8+.fcs.density.fcs.cluster.fcs.anno.Rsave,PBD00H03_BC641_CD3-CD8+.fcs.density.fcs.cluster.fcs.anno.Rsave,PBD00H06_BB078_CD3-CD8+.fcs.density.fcs.cluster.fcs.anno.Rsave,PBD00H06_BB231_CD3-CD8+.fcs.density.fcs.cluster.fcs.anno.Rsave,PBD00H06_BC641_CD3-CD8+.fcs.density.fcs.cluster.fcs.anno.Rsave,PBD00H06_BD620_CD3-CD8+.fcs.density.fcs.cluster.fcs.anno.Rsave,PBD01H00_BB078_CD3-CD8+.fcs.density.fcs.cluster.fcs.anno.Rsave,PBD01H00_BB231_CD3-CD8+.fcs.density.fcs.cluster.fcs.anno.Rsave,PBD01H00_BC641_CD3-CD8+.fcs.density.fcs.cluster.fcs.anno.Rsave,PBD01H00_BD620_CD3-CD8+.fcs.density.fcs.cluster.fcs.anno.Rsave,PBD03H00_BB078_CD3-CD8+.fcs.density.fcs.cluster.fcs.anno.Rsave,PBD03H00_BB231_CD3-CD8+.fcs.density.fcs.cluster.fcs.anno.Rsave,PBD03H00_BD620_CD3-CD8+.fcs.density.fcs.cluster.fcs.anno.Rsave,PPD00H00_BB078_CD3-CD8+.fcs.density.fcs.cluster.fcs.anno.Rsave,PPD00H00_BB231_CD3-CD8+.fcs.density.fcs.cluster.fcs.anno.Rsave,PPD00H00_BD620_CD3-CD8+.fcs.density.fcs.cluster.fcs.anno.Rsave,PPD00H03_BB078_CD3-CD8+.fcs.density.fcs.cluster.fcs.anno.Rsave,PPD00H03_BB231_CD3-CD8+.fcs.density.fcs.cluster.fcs.anno.Rsave,PPD00H03_BC641_CD3-CD8+.fcs.density.fcs.cluster.fcs.anno.Rsave,PPD00H03_BD620_CD3-CD8+.fcs.density.fcs.cluster.fcs.anno.Rsave,PPD00H06_BB078_CD3-CD8+.fcs.density.fcs.cluster.fcs.anno.Rsave,PPD00H06_BB231_CD3-CD8+.fcs.density.fcs.cluster.fcs.anno.Rsave,PPD00H06_BC641_CD3-CD8+.fcs.density.fcs.cluster.fcs.anno.Rsave,PPD01H00_BB078_CD3-CD8+.fcs.density.fcs.cluster.fcs.anno.Rsave,PPD01H00_BB231_CD3-CD8+.fcs.density.fcs.cluster.fcs.anno.Rsave,PPD01H00_BC641_CD3-CD8+.fcs.density.fcs.cluster.fcs.anno.Rsave,PPD01H00_BD620_CD3-CD8+.fcs.density.fcs.cluster.fcs.anno.Rsave,PPD03H00_BB078_CD3-CD8+.fcs.density.fcs.cluster.fcs.anno.Rsave,PPD03H00_BB231_CD3-CD8+.fcs.density.fcs.cluster.fcs.anno.Rsave,PPD03H00_BC641_CD3-CD8+.fcs.density.fcs.cluster.fcs.anno.Rsave,PPD14H00_BB078_CD3-CD8+.fcs.density.fcs.cluster.fcs.anno.Rsave,PPD14H00_BB231_CD3-CD8+.fcs.density.fcs.cluster.fcs.anno.Rsave,PPD14H00_BC641_CD3-CD8+.fcs.density.fcs.cluster.fcs.anno.Rsave,PPD14H00_BD620_CD3-CD8+.fcs.density.fcs.cluster.fcs.anno.Rsave
count,46,155,58,17,25,516,17,82,720,49,30,656,289,72,70,2212,898,100,23,1235,164,12,161,12,22,75,36,18,20,166,62,12,33,42,31,33,31,28,21,67,53,39
mediansTime,12.3650970746854,12.3129160611684,11.9278504213614,12.6021740506967,12.6029772165855,12.3429178272155,11.9371285816243,12.5278473600037,12.3278618626618,12.578619166982,12.4677303895758,12.4261540779257,12.4711562860784,12.438008499478,12.5565948519387,12.4143769644558,12.4208740690988,12.4681807385063,12.473265234869,12.1120542310678,12.290864017901,11.1637384497693,12.3853579308643,12.0294605010296,11.9209359563514,11.8742352514616,11.76800638044,11.6329287472015,12.1175011747919,11.8637049573547,11.9708183543625,12.1330964841538,12.0077290181586,11.9151144710627,11.9818485106349,12.41469527676,11.5842409704735,11.841114162543,12.3870866812416,11.6546020949752,11.8007565263788,12.4197733532141
mediansCell_length,2.23081417900093,2.18742176068697,2.23081417900093,2.2724413273866,2.14211190823691,1.9378792776645,2.0947125472611,2.04502820486763,1.81844645923207,2.0947125472611,2.0947125472611,1.87986358439691,1.99283576493974,2.04502820486763,1.9378792776645,1.75322890111027,1.81844645923207,1.99283576493974,2.0947125472611,1.87986358439691,1.99283576493974,2.35092571975091,2.04502820486763,2.29243983432967,2.14106715397404,2.04502820486763,2.118412227749,2.14211190823691,2.16476683446194,1.99283576493974,2.04502820486763,2.23081417900093,1.9378792776645,2.06987037606437,2.04502820486763,2.14211190823691,1.99283576493974,2.04502820486763,2.04502820486763,1.81844645923207,1.99283576493974,2.0947125472611
mediansX.Rh103.Di,-0.108888163969258,-0.105956276043759,-0.102852405300605,-0.139961731292116,-0.110830449179999,-0.100554631030469,-0.128689901235826,-0.0909028819377457,-0.101390398211886,-0.104742043095581,-0.108248976848175,-0.098709969603564,-0.108897939745862,-0.100290095038977,-0.0985106238939139,-0.101555553497232,-0.0957239387229353,-0.0978815900538194,-0.077781936906372,-0.0987391249370405,-0.102413460006679,-0.0927168270624698,-0.129262983140199,-0.0854151178834047,-0.126452116638682,-0.120518606254304,-0.0931815087243114,-0.116822741562782,-0.0975517163575565,-0.112423410812508,-0.0953733869698287,-0.0628060726104512,-0.130157941566672,-0.109373693133089,-0.112696673197758,-0.0985153615684537,-0.0769334180957726,-0.0803716425669019,-0.115325881042559,-0.104634047686992,-0.106948810143629,-0.103167008903172
mediansX.Xe131.Di,-0.10339071598144,-0.0892704276725685,-0.0875564196562397,-0.0398882284698024,-0.0983998003712614,-0.0897862407537527,-0.0718074266887347,-0.0865479224910763,-0.101337106848122,-0.078737392579617,-0.074018676149124,-0.0952916250805702,-0.0969812430019358,-0.107792960402611,-0.0888198644660291,-0.0935678600525141,-0.0906573660111993,-0.0846895131782808,-0.0836702375533498,-0.0928879741339743,-0.0876201934861315,-0.0576867735414227,-0.105422128878636,-0.0644681252896181,-0.0859955765517779,-0.091042965769387,-0.080344029501757,-0.0892377713803435,-0.0896117119928285,-0.0833863612852626,-0.107025663222081,-0.102706886900917,-0.0927542731717442,-0.0764736817063719,-0.0675060040408819,-0.105191510952109,-0.080000006300008,-0.0802501194860622,-0.0560710723714409,-0.103513391885453,-0.0873507037032241,-0.0676146953004792
mediansX.Cs133.Di,-0.0803819938257827,-0.0942398284353026,-0.0933301434625193,-0.084298233333466,-0.0725844691875984,-0.0930333263027929,-0.0440595160239272,-0.0704633770815329,-0.0981499857076144,-0.104313030118527,-0.0877785247129335,-0.100767850788596,-0.0877419206528254,-0.116811346053841,-0.112159499158402,-0.0990820443637221,-0.0952894849174374,-0.105500876715456,-0.0878488265342278,-0.0978319999430211,-0.0976221114598603,-0.109460819663005,-0.114747896784657,-0.0874758663092984,-0.069617741108734,-0.0908029946751866,-0.099701575988655,-0.0805407464769906,-0.0815002327922261,-0.104836305136969,-0.110683833822915,-0.127015425796166,-0.0940878908036027,-0.0920284696979232,-0.0952468794812411,-0.0804076835612511,-0.11624336967016,-0.116084230485242,-0.130852515918729,-0.0902450760294125,-0.113211113879035,-0.0999808790629765
mediansX.La139.Di,0.294271170699891,-0.0559821388071969,-0.040577450252651,-0.0285164180867063,0.195000148064571,-0.0355788173308495,-0.0926071515367856,0.13189590554629,-0.00726979730904844,-0.065593641433645,0.241561393270045,-0.00761340984812782,-0.0282785305467431,-0.0495976995414899,0.0915524663251958,-0.0212222604605016,-0.0165725300965471,-0.0404746642118971,0.111861541191916,-0.0285818313667534,-0.047823006139165,0.173200881448966,-0.0402561794398739,-0.0548388592509027,0.168304294623122,-0.0779762307439591,-0.0922120994014285,-0.0327751413475986,0.18496403462237,-0.0084679771871518,-0.0285158735065874,0.288099001052537,-0.0465291111471127,-0.0435440639211301,-0.061925081739933,0.106653616493974,-0.050983934591533,-0.0564218780369662,0.181779335195055,0.048165715467796,-0.0170584034907423,-0.0418579466286246
mediansX.Ce140.Di,-0.0825871464952832,-0.0662695963769693,-0.0846008004505984,-0.0276447696816797,-0.0564154953104767,-0.0718387652303655,-0.072881907976322,-0.0655127668311395,-0.0771068960971972,-0.107440095425312,-0.0490386974749864,-0.0752275701964549,-0.0487123192217444,-0.0366237990487412,-0.0474419980144283,-0.0741707138797274,-0.0807616313396748,-0.0445926039854423,-0.115044579464887,-0.0732313192897484,-0.0758591056202854,-0.0406971929395838,-0.0955281606312528,-0.0143186231576471,-0.08113705061528,-0.0860411076246448,-0.114007151925569,-0.0544119063041322,-0.0329279359484696,-0.0568300791822483,-0.105652872542945,-0.105044398350702,-0.0688206405090106,-0.0918654320365117,-0.0709458437767422,-0.0754195037602289,-0.048826293765899,-0.0856783902490171,-0.0832984386853679,-0.0665393323559665,-0.0897999592894752,-0.0629277398014353
mediansX.Pr141.Di_clust,3.22003445713817,3.13774156066953,2.70671751925065,3.64288692837824,3.9652125488349,3.9316781441774,4.45276233030532,3.84439323011635,3.60433591502199,3.5493669403188,4.23009789500079,4.05363169937881,3.87931338124791,4.7773627179553,3.41664117683223,3.40710183767974,3.10602443415793,3.39892479490125,3.67652669442071,3.5220053255564,3.57692216612907,2.85679287544185,3.08021798390196,2.8452335492072,2.7409085964268,3.25625619585138,2.95426935678963,3.22812923225788,2.81417185714792,3.28089964764611,2.68446798413521,2.08542993065665,2.32409071418041,2.5911609716972,2.51753533542423,2.90614667834476,2.45020360526682,2.07485108025064,2.43505393331222,2.76919277759967,2.3991817437316,2.36570299146037
mediansX.Nd142.Di_clust,0.24722994600532,0.161086303622901,0.0874087522897856,0.469516238926582,0.131526557795927,0.18053021304976,0.46908478814199,0.17637017452753,0.145438801867953,0.467215057006483,0.135166371658846,0.17492267788335,0.212309747778183,0.197200739971761,0.135236627839613,0.155526918433682,0.286302222369727,0.343421498798703,0.320937125844879,0.197250915211876,0.334409621859458,-0.0438540782306673,0.123304327372635,0.340020885213171,0.0494107555577791,0.115058127243946,0.146522502463039,0.20647499237693,0.168792324110425,0.110262534679553,0.124479605155652,-0.0644614216112219,-0.0109465916264142,0.0944857647221333,0.166115623682122,-0.0156473614180347,0.116835959628921,0.0860972426417508,0.0879920746888308,0.0581246500874584,-0.0020904205415921,0.134084808885528
mediansX.Nd143.Di_clust,0.235248310375658,0.0760597634452041,0.21236483642994,0.282587839359785,0.166702041735932,0.0786655382255992,0.169877724937935,0.131823271363014,0.075621387459454,0.207035797542174,0.133686725876233,0.0477401141673823,0.170146968663718,0.11338798052443,0.143897335442596,0.154482361684616,0.347464138318005,0.307633656303303,0.278272254852745,0.178221594282068,0.293523189903346,0.263368008739261,0.111526995084473,0.22522192452618,0.249157396735056,0.0473542953548152,0.147041471060058,0.294776144075976,0.137307066297,0.0859398031193768,0.127031131063697,0.134934740037029,0.13341748085218,0.162661976411544,0.14975268147387,0.0727096838890521,0.0714333778563783,0.193666596046919,0.153948549359829,0.136645459466031,0.232879081006196,0.161376105401
mediansX.Nd144.Di_clust,0.293850299168311,0.177984865997902,0.249387866871494,0.522151789455976,0.361729663958817,0.187237227807857,0.778089378899136,0.393483151165264,0.196753684842638,0.26739604365807,0.569322213385816,0.229620228751604,0.194049894284217,0.475977865509859,0.338735212955076,0.266209277643887,0.306519805014436,0.499914898872104,0.431248127774725,0.325520683082185,0.557006896627004,0.444463421060998,0.177092029805791,0.49050217733539,0.530511230076221,0.292936041959908,0.212672957049036,0.729533419731429,0.577168475027957,0.171596375171865,0.216102578767238,0.12360854627009,0.149161792456838,0.297775302397583,0.364141014909334,0.647148037855816,0.279274769136998,0.224173555029854,0.181835306207969,0.202514150799116,0.192443536543719,0.316705082104287
mediansX.Nd145.Di_clust,1.05301859101202,1.02919102128241,1.12635521977526,1.20383364728582,1.01409538596054,1.03597417431247,1.06035810590663,1.06272330304023,1.04967494217946,1.16136356788326,1.00727289477164,1.03481565029608,1.074752934459,1.0588109138891,0.992382723968986,1.08883721624898,1.19778920988228,1.20334882062068,1.16771422365233,1.10025021856342,1.17319007333714,0.967205570478667,1.12954080645035,1.11956083784462,1.01294525051426,1.10884670161175,1.07448092755015,1.0782995091233,0.97885056499074,1.04547471816414,1.09133656483681,1.12965910198598,1.10012843556208,1.09865092488405,1.04635729621581,0.98049709241462,1.07202822542708,1.09169856390716,1.08434407901946,1.0676949954871,1.19175683874438,1.17911124701581
mediansX.Nd146.Di_clust,1.43189991394964,1.30969841804915,1.52228161377425,1.61118942238956,1.54200464080851,1.47495555714704,1.25669882122537,1.96658638792084,1.4074644219372,1.73442003004826,2.04234287179714,1.35049290417335,1.71349921263996,1.78359692407529,1.48478140157664,1.28563346848708,1.4636713189223,1.48875094751908,1.65496654649751,1.2728788571006,1.44894954713747,1.68773338538079,1.15300638863517,1.40449164568683,1.30269196884816,1.11944366693997,1.25556990691221,1.3619200628629,1.35817334910593,1.03903280491248,1.06896519478872,1.15616059903962,0.832721711681214,1.26109155573626,1.16487025299734,1.44091479082423,1.0348251024575,0.94176466806162,1.23923900568245,1.0662371107626,1.37383634348242,1.60490818833678
mediansX.Sm147.Di_clust,-0.00577381540861229,0.0568540958267159,-0.0234467272846764,0.173193644286158,-0.0225015218397509,-0.0309203019585161,-0.0245663191440157,0.0176559084419185,-0.030045004097473,0.00292491980076945,-0.0280507030816223,-0.0380395130220696,-0.0294939998096062,-0.0234036578626797,0.0359212946710953,-0.0208750181444558,-0.00319054866294654,0.0700780498821695,0.0535531150266971,-0.0196693433061074,0.062863848765488,0.111467053593223,-0.00782419953724319,0.195959419178597,-0.0241882005126124,-0.0262377078457037,-0.00510626138231635,0.1375399278746,0.102273235930237,-0.0139652625795772,0.0568243386319033,-0.0552149441810525,0.115301071825789,0.12627713915336,0.064544211459372,0.0181503418226758,-0.0312566732059047,0.0759385558703496,0.00539425044375761,0.00183107527096751,0.107419780296273,0.00574212085289128
mediansX.Nd148.Di_clust,0.151948836018368,0.0792349392098735,0.0537964752391085,0.273072900590837,0.0135683024094707,0.0251153029458303,0.0550504523312323,0.0862419971613568,0.0702634568803804,0.079145336505208,0.0372641386506972,0.0170715102484927,0.00213682991819672,0.0339863124874225,0.0749120717717549,0.0214129250203101,-0.00985510560052329,0.10738060174593,0.0873377296095712,0.049832057469831,0.115351663426822,0.1342208065225,0.0479787907924614,0.0971313438784223,0.0101047824761834,0.0321636471926402,0.0081444626860227,0.106796305107364,0.0713210621573491,-0.0199041392002494,0.0323906466354022,0.122291770327298,0.00607111338007514,0.0359522204258878,0.288670140568049,0.137625487988846,0.0542189393028017,0.027843892896793,0.139949088004757,-0.0033448216535089,0.0999302299276908,0.15306044572136
mediansX.Sm149.Di_clust,0.414972521846517,0.644994387193505,0.635162710214362,0.610619714972335,0.465845991418711,0.417729582201747,1.186026026203,0.458483618525623,0.432673877843328,0.366050769137685,0.510152953445304,0.485045967805104,0.490988659852127,0.570351583806878,0.520006596889352,0.395651092143224,0.2967792564851,0.55227997607407,0.486332210186238,0.33412354627667,0.563896414852421,0.658421583434121,0.65106956234123,0.551492843566624,0.804183659878463,0.549147988720537,0.479796140449745,1.0260554360115,1.05114499163023,0.669308973492448,0.490265751782101,0.652921290931968,0.702906962570522,0.533472123993126,0.584200135919953,0.868332054117353,0.982546364699924,1.14766570892816,0.512301875127923,0.783325179974373,0.687743664417941,0.794844515889823
mediansX.Nd150.Di_clust,0.793128094838764,0.772230215594201,0.892716343703814,0.980185385010154,1.09068933198634,0.708318827208364,1.49222982307385,1.10599313387484,1.10824135620499,0.870949090045157,1.04060789771803,0.657824884434972,1.07728881396436,0.897640045921974,1.16530327098451,0.982795741780565,1.25156932941346,1.45571597969289,0.922341099296,0.895692040842679,1.46897075730327,0.951627787477152,0.767052274394092,0.785804238680921,1.08095469747215,0.743410194879927,0.996503340526726,1.33980745535719,1.05761504164061,0.917134857201978,1.05160684488365,1.32743032585176,0.920757016363042,1.16248436978081,1.12722039416125,0.912245843885944,1.07451147863832,1.22259682450007,0.798822118204738,0.6481519679397,0.682328740838206,1.2018484280078
mediansX.Eu151.Di,-0.0332781890735435,-0.0788614854521517,-0.0655098401379579,-0.109486136972858,-0.0248878668705157,-0.074936328651398,-0.0762533935956972,-0.0922565412900349,-0.0660739490774593,-0.0804517972485909,-0.0841245941517295,-0.0831563330426495,-0.0802700656775372,-0.0696613542882494,-0.0551671392840134,-0.070934380846291,-0.0589752609045275,-0.0534227244284039,-0.0385234222935495,-0.0688878938781566,-0.0625063410073036,-0.0901407051196965,-0.0878579109645335,-0.0373798669939741,-0.0981903463194518,-0.071481088722875,-0.07038534158786,-0.0917771583474041,-0.126360095875893,-0.0924450649834817,-0.0557035882137279,-0.0529554005899292,-0.0750684194138132,-0.0385950045600311,-0.106591231587417,-0.0447816498269349,-0.0677446575289445,-0.0294439790227717,-0.0948213774809405,-0.0693520406613624,-0.0670404251313053,-0.0511671645992602
mediansX.Sm152.Di_clust,0.191413643997168,0.0951124189060569,0.186761930885397,0.116347284248572,0.0888405065932131,-0.00821099450610521,0.0881936676166701,-0.0177862224230738,-0.0234178468866738,0.134470107367103,-0.0773750584105577,-0.0387972946050047,0.099120218360022,0.0963215390491563,0.166528464736313,0.15193357268865,0.377913352294456,0.417687085962017,0.0981717289555159,0.1377036626034,0.266239050122781,0.283140732613944,0.0614096593755932,0.312954389610553,0.0984631255172751,-0.00122666495822961,-0.013046725833635,0.245734059337767,0.0756132854070684,-0.0138796296973048,0.102863852438156,0.22219928682669,-0.00765032681727365,0.134798414429571,0.0170133429577455,0.157865037153798,0.00471095339388136,0.209984141204935,0.118393621831749,0.0430303508399491,0.110693709375163,0.179721961197691
mediansX.Eu153.Di_clust,2.15021373997606,1.87914257871273,2.06227610538457,1.81834608919588,1.35967559292815,1.34900824341854,1.72255046309123,1.40021392096552,1.49220173525649,1.71231863984825,0.834959548610146,1.00994248801356,1.06772197103972,1.12840749749192,1.47231747567725,1.66895085239196,1.65863582473976,1.78380071901762,1.56673116311845,1.70318224202587,1.94330819708732,1.05864868548573,1.12104431347357,1.08156138324287,0.721696396817689,0.372283030495283,0.488926743162598,0.724072814164798,0.78107343069375,0.702491650512618,0.777880554584791,1.23147099361089,1.29441883204425,1.43792773277345,1.31176612449009,1.41613101263438,1.19666395619895,1.18884308478166,1.31421000010777,1.43912815026633,1.54940218210743,1.64219092834798
mediansX.Sm154.Di_clust,0.156757474782527,0.0726128377321217,0.189299852685269,0.238985043417361,0.0809264743869892,-0.0022433352385164,0.281548746879185,0.0622762812310375,-0.0128927931372627,0.173377440408085,0.18507491290645,-0.0386559868023885,0.0735324533456353,0.0369175681586723,0.18294734431229,0.0859625057291948,0.222430541942339,0.25273887855988,0.0838181639073074,0.0939220648209441,0.222710315437171,0.12034797637291,-0.01465312703843,0.327389544876702,0.049827338496644,-0.0270298229305808,-0.00291667025798051,0.223711002913732,-0.0282941319431162,-0.0463009549171965,0.0978615494221579,-0.0385205536682239,-0.0116450546285127,0.0742614640929618,0.0810235142969472,0.0992594488232912,0.154388368169408,0.304930303287644,0.0650364005164048,0.0387588249447774,0.169136134182426,0.125784491965767
mediansX.Gd155.Di_clust,0.0439747346116489,-0.0558348951794641,0.0182775286001958,0.144143810215956,-0.0745511640451778,-0.0673020563397518,-0.0453774275703066,-0.0114206146490742,-0.0692437493890778,-0.0147559220161717,-0.00722444101106934,-0.0718724552379897,-0.0434225733142697,-0.0670556144945329,0.00111158500312851,-0.0314167626913798,0.0331753529570899,0.0539363105560254,0.0244488379090823,-0.0302867718427341,-0.0034945314790315,0.0326058404002391,-0.0687708335695178,-0.0434158990956558,0.0282571099247081,-0.0730050869129565,-0.0511165868013262,-0.0789883911494464,0.0577908824678676,-0.0752119483034593,-0.0645465104703956,0.0446444757309812,-0.0405293838988989,0.0164809653261419,0.0211759088964628,0.093445366071673,-0.0197087373205785,-0.0489866448794115,0.0361988846963021,-0.0357168249288458,-0.0114257904348093,-0.0286298709352282
mediansX.Gd156.Di_clust,-0.0269594025345984,-0.0414360940888697,-0.0629229629556544,0.0101821570502092,-0.0365611008155436,-0.0635324254639419,-0.0373643891674363,-0.032910567166251,-0.0654115724191295,-0.0498910523218469,-0.00829071312293008,-0.0699492840399915,-0.0553385773086256,-0.0711977238832369,-0.0618918707123633,-0.0700376460987502,-0.0630134124934288,0.0197354326196351,-0.00137656874320247,-0.0642568813101671,-0.0256274005206518,-0.100531568820479,-0.0983786715474934,-0.0331409234923152,-0.0143738522711291,-0.0306374271728754,-0.0467881010239275,-0.0651816940672471,-0.0200131469978317,-0.0701935095550009,-0.0448446575368927,-0.059601034976488,-0.00575561586652413,-0.0277665572530338,0.0585169858917418,-0.0530305285048011,-0.0913309633555019,0.00169330299041275,0.0366100124317733,-0.0481018158400888,-0.0912624177768418,-0.0417811089351948
mediansX.Gd158.Di,-0.088114886657692,-0.0765654720815408,-0.0792627090214802,-0.103705775419956,-0.0557432050293456,-0.0820645645019483,-0.114984312909776,-0.0597972336939608,-0.0923433642237524,-0.0411127729342033,-0.0590233116453343,-0.0879282643206407,-0.100092567212774,-0.0851170621264336,-0.0947289094774053,-0.0891719832502073,-0.0855467996124179,-0.0714548035930425,-0.021974326934274,-0.0794749263487853,-0.0930336766547219,-0.102764246792236,-0.121928245177291,-0.0726707501974232,-0.0832189272252197,-0.104402319986304,-0.109319253614655,-0.0880261622092924,-0.093522312374104,-0.0805647964017586,-0.0811724404689682,-0.0739080699617008,-0.100218938433859,-0.109773525930905,-0.123190549035889,-0.0901950924811724,-0.082759510412481,-0.0803613733868487,-0.0987489356771715,-0.0895981872886229,-0.109785352263406,-0.101926026363749
mediansX.Tb159.Di_clust,-0.0722493057638055,-0.088100700073301,-0.0946274355988053,-0.0978006015347846,-0.0665621580524477,-0.0734201484873438,-0.107327543840027,-0.0720655053724143,-0.0836008930264731,-0.0605473295695432,-0.0554913634508761,-0.0887872558045405,-0.0593319159190303,-0.0732065570404657,-0.0678051978398408,-0.0739898240540759,-0.061549887509937,-0.0707031065388756,-0.107533729346282,-0.0702552576482294,-0.0616963713327957,-0.0868586275386407,-0.101086508301959,-0.0662746230394233,-0.0993375225822269,-0.0905497511638551,-0.0760975739147007,-0.0373062440263019,-0.0702129902428509,-0.0939432103698744,-0.0625986105579814,-0.0681389579691847,-0.0697986675896398,-0.0599975768869966,-0.0648538827572348,-0.0689965689565589,-0.102779418144145,-0.117090697512669,-0.0876530463988625,-0.0828820899131403,-0.0597382178880381,-0.0548997849482882
mediansX.Gd160.Di_clust,-0.00839647429681087,-0.0578649662902942,-0.046096674159562,-0.10934628415743,0.0869294330424103,-0.0720383444241741,-0.0425619714182779,-0.0343123766397589,-0.060598991811221,-0.0459707301455496,-0.00358032100322316,-0.0593775647381728,-0.0560156139192947,-0.0447560854563931,-0.0418402789231655,-0.0621075649324146,-0.0630239355385217,-0.0695115386119755,-0.0646049054517746,-0.0642035379371448,-0.0363855790708409,0.0529431857639128,-0.0790876885943027,-0.0148680732236505,-0.0588819618101824,-0.0529141468685494,-0.0264352763844509,-0.00538571924118325,-0.0258051717123963,-0.0769906662744862,-0.0596434054058418,0.0505831332406593,-0.0609902144980069,-0.0804844132540972,-0.0618977160666962,-0.0267423761422695,-0.0743900407258237,-0.0403584857711234,-0.0062526615833925,-0.0220072639471463,-0.0648249221543577,-0.100371200944557
mediansX.Dy161.Di_clust,0.304151139768205,0.0417825084226131,0.200911642516631,0.117962937512046,0.0829851018279566,-0.0103803260002896,0.268339002441336,0.251183484125147,-0.0143388580240747,0.124174489133656,0.0203930107017674,-0.0274358019125037,0.187318293175017,0.160949822653667,0.0985295886737063,0.162477703764489,0.381390958783399,0.315871269251032,0.171278885214603,0.172662540786932,0.251185642448809,0.117492001252507,0.0750178740132558,0.114111774746935,0.233888081458179,0.0427588362675614,0.0518067371555079,0.273464821727355,0.230372831108275,0.0313584551926827,0.0106638345234652,0.26237733559789,0.152205159105862,0.144438171058049,0.0920469446010793,0.156701869054584,-0.0440782822021826,0.0884487903289235,-0.00278630976460588,0.0112777792869094,0.104154414365364,0.107790411847445
mediansX.Dy162.Di_clust,0.448013403258166,0.149575792735225,0.257124439959445,0.637950957143569,0.539555431135313,0.122343926497257,0.306726107748022,0.459522358637528,0.0990361180056289,0.363237995545201,0.333375270086608,0.11490334335429,0.309134034380182,0.375742598224203,0.301741425300397,0.221791444589889,0.502431955137562,0.507390893655983,0.432985356467058,0.247886642828266,0.370986757133206,0.308797915173678,0.0756980394901898,0.14021572918204,0.423419426044109,0.161040655706998,0.193068132772049,0.340795615429959,0.454981008002692,0.12952784870072,0.275960197721629,0.714065503585655,0.078183731369207,0.273975615543055,0.443763412265485,0.268701645213449,-0.0203208989362196,0.246879556942319,0.281797910367003,0.0788640226764709,0.283113553554529,0.282823524034712
mediansX.Dy163.Di,-0.0335124614693002,-0.0700514227968185,-0.0411039892682998,-0.0690986726020039,-0.060078182618272,-0.0845270798977605,-0.0728894458147026,-0.0618671054824356,-0.0888823189091721,-0.0710250434991674,-0.0253897658960478,-0.0913533020137492,-0.0681427140006485,-0.0702458850435284,-0.0932833399595429,-0.078687024670405,-0.0562292607543788,-0.0658257675871857,-0.0255998633335827,-0.0742304668838898,-0.0423972848601525,-0.0345121633072313,-0.102385657325623,-0.0979170301107041,-0.0615149153098779,-0.0693866056428878,-0.0705746312873704,-0.0685134838573666,-0.116821474068402,-0.0899875903800913,-0.0822027817151418,-0.0788528728798093,-0.0710993140156138,-0.0884158191393545,-0.0935037320678927,-0.110015726319045,-0.0845052415966386,-0.0737236306534786,-0.0339665124503295,-0.0796271158763205,-0.0879328067698356,-0.092798684057495
mediansX.Dy164.Di_clust,0.266712012255309,0.0757643858089401,0.233565656273968,0.173286212488752,0.153138670206141,0.00247890533912752,0.0764153204131063,0.200535329979826,0.0102987008212802,0.181384613927218,0.13222877854204,0.0028301793167537,0.166846865029048,0.103964386488991,0.231404335442295,0.172945648291141,0.38703511513382,0.307516845523239,0.270464716448304,0.190902329435314,0.2416332003152,0.253856492075321,0.103966201495318,-0.0239299415764553,0.116762236946588,0.0552544428841949,0.0795330147677311,0.237053268162976,0.118892241452917,0.0290940120352544,0.108384120468841,0.37727560162452,0.105639286121354,0.124355268966378,0.198376952528911,0.14864864541429,0.0786641627185032,0.109507075681632,0.109417585422792,0.0113729267848045,0.176730407787348,0.0933923349329848
mediansX.Ho165.Di_clust,0.295359589500308,0.14772841107108,0.26312154655632,0.0674161281312635,0.31682091112241,0.0902293359362132,0.182013593521879,0.250234802397758,0.0504979047308128,0.0699108260706604,0.241481421185311,0.10124168381318,0.143122039565037,0.247582802261824,0.282354685796163,0.109697736906629,0.0655511445807987,0.187200580461869,0.0988187197795962,0.0895916985617039,0.133243657257201,0.541881011423573,0.157223903682748,0.291290264475971,0.497409766057045,0.201550409720576,0.217837225379117,0.217285419360175,0.682954710465359,0.208074111551556,0.214804737313327,0.455754646160446,0.19090667271491,0.163246769685317,0.287832383619187,0.417983297241883,0.313901059226325,0.331546584900912,0.348892409547976,0.136170071730751,0.174806166017115,0.137982958787605
mediansX.Er166.Di_clust,0.733192735720925,0.180288995625912,0.292990521344157,0.238021357436267,1.00292068078682,0.228060537494274,0.127094617876594,0.727297189798361,0.19373765693276,0.457561507157242,0.812659010298746,0.309654537381077,0.57073765846368,0.474434632393594,0.451596296681606,0.239488136541799,0.384230732495874,0.282186118517166,0.28758510153097,0.251897716675079,0.237333097886521,0.64468439794502,0.201662680475584,0.282570405284177,0.491648266024336,0.26456729618169,0.39436697153364,0.161213848039688,0.431275280966013,0.282725200218532,0.402348122650253,0.616031723047471,0.146321230458897,0.289350458670168,0.316469144920613,0.354143274942131,0.101887424354089,0.253944870447852,0.454532754744925,0.175770721120921,0.231829391683041,0.242197320211757
mediansX.Er167.Di_clust,0.0348032316600936,-0.0485635134579142,-0.0173495322469596,0.0953104748607976,-0.0234497542686123,-0.0488346477900176,-0.0138782605869989,0.0623762202649902,-0.0515019205554241,-0.0165629190022265,0.0279081221086606,-0.0527096887339468,-0.0236935812826999,-0.0235772800541334,0.0426324267667493,-0.00213495460963596,0.104176822887059,0.0321598858206022,-0.0109750645449568,0.0164151210661159,0.00894086257219262,0.112512517141689,-0.0547386654087469,-0.0288977270644419,0.084160976308264,-0.0801027036989647,0.0171124248291151,0.0810842045077932,0.044860132509804,-0.0418128323858133,-0.000222887827757176,0.18963986111655,-0.0285562654477211,0.0321464587721736,0.0705576629990018,0.025328681581175,-0.0568197832258212,-0.0361501404540095,0.0650519780090403,-0.00192252502623802,-0.0291163132561992,0.00571981231829092
mediansX.Er168.Di_clust,0.15787416836845,-0.0260812366095448,-0.0299770755192772,0.150548134004043,0.254172866686128,-0.0164655106395939,0.0614455630188788,0.18959036680265,-0.0289420215658636,-0.0221440769127368,0.365459638375745,0.00229754314200094,-0.0220563811543395,0.0432113707138258,0.144971888002928,-0.0350481663087981,-0.038827083918791,-0.0481232261998669,0.142901472962415,-0.0348549866447682,0.0124625460818113,0.204000943640256,-0.0281668193111149,0.229837629255249,-0.0392679772395181,-0.0154548736124668,-0.0134296277836905,0.126508460226547,0.103263397806811,0.0302414571793693,0.0421613745455453,0.111472049739628,-0.0137364984922968,-0.00787322523807837,-0.0189953422309013,0.0135213159078315,-0.00540373489462541,-0.0028637180350872,0.229104709057259,0.0110146902978833,-0.00378547859602837,0.0135805068261672
mediansX.Tm169.Di_clust,0.229032055784967,0.117550901593943,0.143115103515012,0.0483560527954957,0.271233911379612,0.0364762892138867,0.128373076733611,0.333852766994866,0.120596025100988,0.0913806390447678,0.523982051681745,0.0116209248198226,0.0810579361318444,0.10332656091261,0.52679921351629,0.0249543220328483,0.0158482323574015,-0.0511908446668661,0.251858299454134,0.0074453716539378,0.095227566529481,0.266332575715941,-0.0191290126527298,0.141730543104284,0.322588331893216,0.0799171110309619,-0.027894146554018,0.100621352581272,0.381979108393652,0.184285759829678,0.182010699979444,0.362853535076834,0.104576581635729,0.0738399389659735,-0.0147107674580328,0.355820186006861,0.209928194254875,0.16201089694686,0.452937076205836,0.0920345694875521,-0.0291990808428916,-0.0289472861160492
mediansX.Er170.Di_clust,0.330292109175477,0.197944234999509,0.361457918291418,0.0527481531443431,0.494560449238666,0.221033593242522,0.144665540249202,0.450547212169295,0.147143761060638,0.220573235003115,0.583237851292611,0.0716903154603752,0.183119529274239,0.127097065751618,0.625996516558477,0.215657235869169,0.239154019446868,0.222745253608834,0.279287753934268,0.166340979530767,0.2368606117821,0.568094022849203,0.082846473318601,0.189786671330566,0.798189477539443,0.0844378190915699,0.0308173753640714,0.0857341890108541,0.43167867841643,0.103668078792248,0.33901654857097,0.669903083708157,0.367067923992673,0.172929730934676,0.434988694122502,0.62601064976691,0.198520376964149,0.297392217659206,0.567358536110531,0.225164007545801,0.354922394659531,0.336908566505916
mediansX.Yb171.Di_clust,0.691352091204793,0.676656969911268,0.583669755433303,1.38754453293919,0.728638343846709,0.387875883173458,1.72358217816404,0.375394736550511,0.360680861472151,1.07171575125845,0.393783879303837,0.337742573985505,0.238369120735291,0.597400483224966,0.367628874706935,0.166527785671187,0.202768219643307,1.03408786854361,0.966607997810735,0.422130814218257,0.744813434481774,0.716555270555928,0.26142015630056,0.511093246711693,0.649076364650366,0.221190567178058,0.383935330808974,1.83893605987078,0.643801374043983,0.267090437562302,0.253754794335478,0.250311412513401,0.435893470015517,0.418848569418355,0.337685673771675,0.363372478690682,0.582499268923839,0.522491794746141,0.134054067326312,0.419403728190387,0.15490951756941,0.376119401218307
mediansX.Yb172.Di_clust,0.137576108830197,0.00555593716751526,0.0436720195090368,0.147316255661465,0.0283335921191551,-0.0124297256942589,0.072435253964197,0.0369010970271231,-0.0187417358955727,0.103045122129342,0.175322580446944,-0.0131684779771308,-0.0230084040995355,-0.0314315024221931,-0.0197820939854507,-0.0329411422215785,-0.0084048168245368,0.0861544038856865,0.370925316138087,-0.000378724178559006,0.0045750120690881,0.171958465300633,-0.0310528676135771,0.0394771226827571,0.103982787652174,-0.0181236224749783,0.0421748001397616,0.041007491583031,0.1650930663039,-0.0277534999963119,0.00167004311272535,0.186497226044088,0.0682306171579306,0.054443092041446,0.0175546689619946,0.170311448913582,0.00127155476443433,0.0288270793512269,0.0476944473897438,-0.0427915263259853,0.064887661136697,-0.0309621482560393
mediansX.Yb173.Di,-0.0778830367283303,-0.074111424258346,-0.0937972883714794,-0.020660672424235,-0.0657023227272921,-0.0902658793240829,-0.0273927047004135,-0.0690964416793253,-0.0781113058988344,-0.0580571961077572,-0.0828208461077649,-0.082336935247185,-0.0806992884736765,-0.0537096203054717,-0.0879016076995379,-0.0874395238932164,-0.0820756478103274,-0.0787771059793179,-0.0648278485516927,-0.0820851049951393,-0.0822236233101939,-0.08809629428869,-0.0828181451017466,-0.0767964332337203,-0.107078576224545,-0.0803462746720364,-0.0666002753242715,-0.0613484428040706,-0.0500732630389309,-0.0900622663766239,-0.0655815760534348,-0.0854899909443361,-0.0713430329472835,-0.106245165345528,-0.0840262674404524,-0.0663133216001106,-0.102486823528447,-0.140373407824026,-0.0890805911767377,-0.0906587851318881,-0.0932799277559908,-0.0823551662885188
mediansX.Yb174.Di_clust,0.328217403048253,-0.0234567990901282,0.0222373841256499,0.035622429505374,0.0352842635077733,-0.0339785355353409,0.173050525926571,0.0692908196543397,-0.0337148902383429,0.0878609687940227,0.020055554092626,-0.0328272448407264,0.0474028008079787,0.00612917419678618,0.0540389583567586,0.00856677430557577,0.0646792963938314,0.146130764863406,0.0454547891074582,0.0134682219445517,0.100874756453552,0.373907896392743,-0.0245685059745065,0.0452385035256876,0.147919168481952,-0.00447273253200517,-0.0287208432594088,0.0429071463956652,0.225762643147813,-0.0148877751292008,-0.014901973224623,0.217929270867461,0.0851017940620548,0.00568752378544731,-0.03062749275969,0.0842816031449162,0.0198968261095275,0.0628023548617162,0.222954510535255,-0.0057499378730065,0.00318834837503505,-0.0153722773470308
mediansX.Lu175.Di_clust,0.75061601067351,0.39191791042954,0.320065272607699,0.353535062093793,0.753187982423682,0.459178439829941,0.405162599693192,0.876504558607755,0.492406128749274,0.375478231771705,0.931030937696984,0.464876066142673,0.385825088638736,0.70581567801904,0.951442434519904,0.468625871699498,0.332671168785669,0.399673538293241,0.782247635997105,0.480757645881342,0.496659762120309,0.852596675387606,0.368001709258965,0.345700585596359,0.796446184425182,0.307741101161493,0.332059968595492,0.0982045956236341,0.926509240877853,0.371327557348022,0.470608471758004,0.808442527040528,0.345140030537602,0.330373846702205,0.385676604858888,0.656028995994566,0.323568674217812,0.396324669329333,0.747080114891329,0.303535002225373,0.237261404932236,0.32706870608786
mediansX.Lu176.Di_clust,0.136659454671719,0.108361637445431,0.180820418688304,0.0144994527877648,0.156178461263161,0.0408303498851886,0.173498049792193,0.17415850916332,0.0440935225595285,-0.0241289089877565,0.131129242817222,0.0228760620865335,0.0507937857401194,0.0685369135173331,0.193052197106254,0.0446993764467374,0.0237387086397593,0.120332075742928,0.00503034407328995,0.0479712832880642,0.115598467822696,0.16830485200031,0.0834177398878246,0.117997951045166,0.235798837771802,0.100959128074505,0.0962633510878851,0.270506104449608,0.149447470977571,0.143853603865345,0.0525941033359965,0.413015057577107,0.206695397335653,0.195918723281862,0.22716436432443,0.207581732889605,0.149303406824539,0.119638175705854,0.143368546301485,0.195668027090807,0.0940908578926114,0.171264011997126
mediansX.Ir191.Di,3.99279401366503,4.54410508951467,4.34005007057736,5.08031570715363,3.44581820635876,3.2110981451388,4.22984679998269,3.23212380726964,2.72770495019615,4.13996759964839,3.29988934474319,2.60721443723869,3.08787190572739,3.35724452612576,2.66515677519987,2.67740595693148,2.90396392435856,3.72139085892787,4.15590238453655,2.98301421384994,3.72429845866728,3.87807422283843,4.01077481842414,4.47073913374097,3.41341901754577,3.69018020926201,3.77912801376331,4.38018122181768,3.46573790701202,3.4818020738249,3.5534943451278,3.599638411571,3.11745276816826,3.8755143060124,3.90954587090913,3.5589528841732,3.37870906733505,3.41964140101477,3.25013916713128,2.99149212892819,3.46823354936332,3.87566075064782
mediansX.Ir193.Di,4.76034721126815,5.24148162573969,5.09090465277099,5.7865337771387,4.06936387644919,3.94699432650957,4.94992712873831,4.03096340202268,3.47931205186635,4.96547143936864,4.03178669565111,3.34329830967514,3.8508667075435,4.0457873924586,3.39889064261458,3.45502116837285,3.66605495369399,4.55199712495376,4.90278427809242,3.75525510694226,4.52225130883461,4.47133860426134,4.75907913820419,5.10302983136645,4.16861403894075,4.50611502655363,4.54003773412398,5.10879385037549,4.18731065841281,4.19138951662399,4.29354368956413,4.44946637230931,4.0483022568789,4.68601022862984,4.63672287900525,4.33435603273403,4.26912345074077,4.34508362822909,3.9752037754632,3.72297030773011,4.17465803523563,4.6567249677547
mediansFileNum,0.214021048901339,0.210870285338276,0.205684618660561,0.374568984327868,0.379634967110581,0.214147969005322,0.214453726402407,0.376735515261552,0.214901571248614,0.378808679985566,0.376961331479821,0.372319302043875,0.372329305672173,0.37860261474453,0.382677552793957,0.372016838689338,0.372138540985803,0.378626443696862,0.377783362043581,0.212906676386036,0.216166714755355,0.214999559112222,0.216976656565896,0.208464643883104,0.213658450120862,0.210983882659593,0.212512836001778,0.20188653981939,0.208436000695715,0.208127277838372,0.20726658467036,0.204224168111626,0.205648887758911,0.20757776324766,0.214721387688023,0.377784273724479,0.215650790497924,0.208654674269149,0.215187346891674,0.206733350421544,0.20813180748143,0.375393796646914
mediansdensity,8.36203539135626,8.50349990539484,8.73799803523151,7.72982343278828,8.37489208111546,8.2494706650324,8.05718751701964,8.77474592278401,8.7705943539879,7.77619957746645,8.10808153304666,8.03177547719075,7.99375514354893,8.00075194123068,8.97451678353092,9.11347699870995,9.47772279937698,8.20772900791298,8.54325076370431,8.96760618714633,8.46083450251948,7.80269995981535,7.58090407323728,7.70291758880826,7.95170029025633,7.52983629929056,7.30465088853476,7.48594075569835,7.68008347080173,7.69712152351899,7.20340607468949,8.04546017021114,7.75807731648,7.22983930325061,7.40488794561136,8.23079037139225,8.3205942545926,7.51578050252379,8.77894190553931,8.58275622268429,8.71997078344184,8.34264936664903
raw_mediansTime,586184.5,556380,378564.5,743010,743607,573325.5,382093,689791.5,564758,725713,649629,623089.5,651770,630566.5,709933.5,615794,619808,649853,653146,455133,544270,181654,598181,428833,412793.5,358802,322646,281926,457804.5,355048,395247,476793,410044,373838.5,399568,615990,268480,348752.5,599216,288051,333383,619126
raw_mediansCell_length,23,22,23,24,21,17,20,19,15,20,20,16,18,19,17,14,15,18,20,16,18,26,19,24.5,21,19,20.5,21,21.5,18,19,23,17,19.5,19,21,18,19,19,15,18,20
raw_mediansX.Rh103.Di,-0.545517921447754,-0.530773222446442,-0.515169203281403,-0.702095687389374,-0.555287420749664,-0.503620862960815,-0.645227015018463,-0.455140918493271,-0.507821023464203,-0.524668335914612,-0.542302846908569,-0.494351744651794,-0.545566499233246,-0.502291694283485,-0.493350774049759,-0.508651047945023,-0.479350969195366,-0.490189895033836,-0.389301955699921,-0.49449822306633,-0.512962907552719,-0.464260891079903,-0.648116290569305,-0.427625834941864,-0.633976638317108,-0.604052841663361,-0.466582685709,-0.585445463657379,-0.488549098372459,-0.563301920890808,-0.477590695023537,-0.314244300127029,-0.652628779411316,-0.547964841127396,-0.564676880836487,-0.493373960256577,-0.385046660900116,-0.40229144692421,-0.577908456325531,-0.524125397205353,-0.535764038562775,-0.516750574111938
raw_mediansX.Xe131.Di,-0.517877578735352,-0.44694522023201,-0.438344463706017,-0.199494034051895,-0.492793351411819,-0.44953465461731,-0.359345763921738,-0.43328008055687,-0.507553189992905,-0.394093871116638,-0.370439156889915,-0.477179542183876,-0.485666692256927,-0.540009200572968,-0.444683641195297,-0.468522250652313,-0.453907996416092,-0.42395406961441,-0.418839484453201,-0.465108036994934,-0.438661873340607,-0.288599878549576,-0.528087556362152,-0.322569891810417,-0.430509135127068,-0.455843955278397,-0.402152955532074,-0.446783989667892,-0.448660403490067,-0.417416363954544,-0.536150574684143,-0.514452561736107,-0.464436650276184,-0.382741287350655,-0.337786436080933,-0.526928067207336,-0.400426834821701,-0.401694133877754,-0.280502289533615,-0.518491744995117,-0.437309145927429,-0.338331133127213
raw_mediansX.Cs133.Di,-0.40234375,-0.471896916627884,-0.46732921898365,-0.421990543603897,-0.363241106271744,-0.465837940573692,-0.2203688621521,-0.352608561515808,-0.491538241505623,-0.522511541843414,-0.439459025859833,-0.504692375659943,-0.439272731542587,-0.585387617349625,-0.56197401881218,-0.496221214532852,-0.477168783545494,-0.528483986854553,-0.439809322357178,-0.489940673112869,-0.488886758685112,-0.548397690057755,-0.574999392032623,-0.437937751412392,-0.348372563719749,-0.454639136791229,-0.499336645007133,-0.403157770633698,-0.407960519194603,-0.52514261007309,-0.554549843072891,-0.636889100074768,-0.471133857965469,-0.460795760154724,-0.476954787969589,-0.402471780776978,-0.582526683807373,-0.58172619342804,-0.656131267547607,-0.451838105916977,-0.567265510559082,-0.50073766708374
raw_mediansX.La139.Di,1.49287801980972,-0.280056923627853,-0.20294576138258,-0.142601415514946,0.981191575527191,-0.177931621670723,-0.463697880506516,0.661396652460098,-0.0363493096083403,-0.328203439712524,1.21968656778336,-0.0380674172192812,-0.141411498188972,-0.248091354966164,0.458409830927849,-0.106119267642498,-0.082866445183754,-0.202428586781025,0.560474872589111,-0.14292861521244,-0.239206217229366,0.872129052877426,-0.201335266232491,-0.274345152080059,0.845506340265274,-0.390276372432709,-0.461729779839516,-0.163988187443465,0.93026140332222,-0.0423403941094875,-0.142599113285542,1.46057832241058,-0.232729509472847,-0.217791393399239,-0.309823334217072,0.534279644489288,-0.255030125379562,-0.282259106636047,0.913910508155823,0.240921705961227,-0.0852961540222168,-0.209350854158401
raw_mediansX.Ce140.Di,-0.413405358791351,-0.331590563058853,-0.423508793115616,-0.138241454958916,-0.282227128744125,-0.359502926468849,-0.36473223567009,-0.327805384993553,-0.385916635394096,-0.53823459148407,-0.245300002396107,-0.376492723822594,-0.243657931685448,-0.18316001445055,-0.237299032509327,-0.371193692088127,-0.404247269034386,-0.223037146031857,-0.576492607593536,-0.366483956575394,-0.379659429192543,-0.203602083027363,-0.4783675968647,-0.0715996967628598,-0.406158849596977,-0.430736541748047,-0.571271419525146,-0.272196069359779,-0.164669707417488,-0.284304305911064,-0.529248178005219,-0.526191085577011,-0.344374895095825,-0.459974005818367,-0.355026870965958,-0.377455115318298,-0.244228482246399,-0.428916782140732,-0.416974008083344,-0.332942217588425,-0.449603497982025,-0.314846396446228
raw_mediansX.Pr141.Di_clust,62.485559463501,57.5209159851074,37.2833442687988,95.4394683837891,131.781280517578,127.433361053467,214.630386352539,116.77254486084,91.8255310058594,86.9063568115234,171.777244567871,143.972320556641,120.92578125,296.956878662109,76.0852355957031,75.3613014221191,55.7182884216309,74.7462539672852,98.7090454101562,84.5567626953125,89.3385047912598,43.4744186401367,54.2929916381836,42.869478225708,38.5937671661377,64.7841567993164,47.9477767944336,62.9980201721191,41.5495986938477,66.4091796875,36.4561958312988,20.0626001358032,25.2987823486328,33.2069826126099,30.7933597564697,45.578784942627,28.7610759735107,19.5958547592163,28.3221035003662,39.7076110839844,27.3084201812744,26.3941020965576
raw_mediansX.Nd142.Di_clust,1.24878108501434,0.808919370174408,0.437602981925011,2.43478918075562,0.659530520439148,0.907562136650085,2.43238997459412,0.88650918006897,0.729760378599167,2.42199802398682,0.677945613861084,0.879080802202225,1.06954169273376,0.992421865463257,0.678246140480042,0.780773371458054,1.45114803314209,1.75112497806549,1.63237512111664,0.99266254901886,1.70339250564575,-0.219346955418587,0.618085086345673,1.7331605553627,0.247173205018044,0.576560795307159,0.735237389802933,1.04078710079193,0.847988486289978,0.552430480718613,0.624044686555862,-0.322742722928524,-0.0547340512275696,0.473133102059364,0.834403276443481,-0.0782399997115135,0.585509777069092,0.431025639176369,0.440528333187103,0.290786921977997,-0.0104521103203297,0.672434747219086
raw_mediansX.Nd143.Di_clust,1.18725156784058,0.380665600299835,1.06982403993607,1.43181967735291,0.837376058101654,0.393733486533165,0.853479862213135,0.661032408475876,0.37846751511097,1.04259014129639,0.670429170131683,0.238791547715664,0.854845583438873,0.568178743124008,0.722000271081924,0.775487720966339,1.77249056100845,1.56254869699478,1.40938770771027,0.89583283662796,1.48878133296967,1.33214354515076,0.558791697025299,1.13639810681343,1.25877785682678,0.236859977245331,0.737860321998596,1.4953196644783,0.688821196556091,0.430229336023331,0.63687339425087,0.676750034093857,0.669068217277527,0.817027598619461,0.751565158367157,0.363868832588196,0.357470721006393,0.974400550127029,0.772786855697632,0.685355484485626,1.17494869232178,0.810387253761292
raw_mediansX.Nd144.Di_clust,1.49077916145325,0.894630372524261,1.26000344753265,2.73102068901062,1.84835028648376,0.941666185855865,4.29506397247314,2.01924824714661,0.990128487348557,1.35296976566315,3.00417876243591,1.1582168340683,0.976350128650665,2.4708833694458,1.72652691602707,1.34682357311249,1.55671113729477,2.60507416725159,2.22369933128357,1.65650057792664,2.93129873275757,2.29821741580963,0.89009565114975,2.55249154567719,2.77876234054565,1.48571801185608,1.07141417264938,3.97996652126312,3.04947090148926,0.862198948860168,1.08901333808899,0.621160715818405,0.748577654361725,1.51106172800064,1.86120986938477,3.46637201309204,1.41459631919861,1.13033974170685,0.914195001125336,1.01950621604919,0.968167901039124,1.61013031005859
raw_mediansX.Nd145.Di_clust,6.29386067390442,6.10376214981079,6.90079975128174,7.58206939697266,5.98534488677979,6.15742921829224,6.35268259048462,6.37198615074158,6.26667928695679,7.20306730270386,5.93228816986084,6.14823865890503,6.46971750259399,6.34018778800964,5.81765294075012,6.58552503585815,7.52731037139893,7.57766771316528,7.25889778137207,6.68032503128052,7.30728054046631,5.63018274307251,6.92763423919678,6.84282875061035,5.97752499580383,6.75230407714844,6.46751809120178,6.49885749816895,5.7141387462616,6.23306107521057,6.60622811317444,6.92941069602966,6.67930889129639,6.66708183288574,6.24011421203613,5.7266411781311,6.44746255874634,6.61016130447388,6.54843950271606,6.41216802597046,7.47293472290039,7.35982799530029
raw_mediansX.Nd146.Di_clust,9.87428283691406,8.58788681030273,10.9115128517151,12.0227880477905,11.1499967575073,10.35515832901,8.07302665710449,17.5163307189941,9.60204982757568,13.722846031189,18.9483833312988,9.00053739547729,13.4202709197998,14.4582056999207,10.4686551094055,8.3512077331543,10.2260317802429,10.5149612426758,12.6045160293579,8.22773551940918,10.0595874786377,13.113534450531,7.13003921508789,9.57040548324585,8.52617788314819,6.84172058105469,8.06231164932251,9.12745904922485,9.08494758605957,6.18174171447754,6.42278480529785,7.16846203804016,4.66176223754883,8.11760354042053,7.23385953903198,9.96961879730225,6.14831352233887,5.4364128112793,7.90845060348511,6.40032052993774,9.24335765838623,11.9412364959717
raw_mediansX.Sm147.Di_clust,-0.0288693197071552,0.284423649311066,-0.117244441062212,0.870303988456726,-0.112517103552818,-0.1546261459589,-0.122843950986862,0.0882841870188713,-0.150247626006603,0.0146246198564768,-0.140271909534931,-0.190243437886238,-0.147491380572319,-0.1170289888978,0.179646424949169,-0.104382671415806,-0.0159527705982327,0.350678533315659,0.267893582582474,-0.0983530580997467,0.314526319503784,0.558645412325859,-0.0391213968396187,0.986143529415131,-0.12099982239306,-0.131203591823578,-0.0255314512178302,0.689881980419159,0.51232722401619,-0.0698286630213261,0.284275203943253,-0.276295579969883,0.577783584594727,0.633065164089203,0.322945177555084,0.0907566919922829,-0.156308814883232,0.380057856440544,0.0269713830202818,0.00915538147091866,0.538132429122925,0.0287107620388269
raw_mediansX.Nd148.Di_clust,0.762677818536758,0.396589368581772,0.269115850329399,1.38239681720734,0.0678435936570168,0.125589720904827,0.275391310453415,0.431747794151306,0.351606428623199,0.396139949560165,0.186420124024153,0.0853617191314697,0.0106841577216983,0.169964462518692,0.374910846352577,0.107072807848454,-0.0492763295769691,0.537940233945847,0.437244027853012,0.249263420701027,0.578038305044174,0.67322513461113,0.239986002445221,0.486473351716995,0.0505314124748111,0.160845965147018,0.0407227780669928,0.53515000641346,0.356927052140236,-0.0995287969708443,0.161985889077187,0.613512679934502,0.03035575337708,0.179812010377645,1.46348023414612,0.690301775932312,0.271227538585663,0.139238443225622,0.702031850814819,-0.0167241394519806,0.500483155250549,0.768293917179108
raw_mediansX.Sm149.Di_clust,2.13492810726166,3.45327711105347,3.39531195163727,3.24639511108398,2.41439414024353,2.14992487430573,7.4215292930603,2.37359309196472,2.23150444030762,1.87140214443207,2.66445088386536,2.52145278453827,2.55477452278137,3.00890839099884,2.71880805492401,2.03027355670929,1.5057755112648,2.90397047996521,2.52865672111511,1.70187592506409,2.97146558761597,3.54482674598694,3.49025750160217,2.90029275417328,4.47073149681091,2.88583827018738,2.49249112606049,6.08199572563171,6.27954792976379,3.60210990905762,2.55087220668793,3.50187814235687,3.81117820739746,2.79779469966888,3.09001040458679,4.90820503234863,5.74223232269287,7.08493733406067,2.67503499984741,4.32963466644287,3.71628260612488,4.4061131477356
raw_mediansX.Nd150.Di_clust,4.39469075202942,4.25651693344116,5.0805344581604,5.72427177429199,6.6008505821228,3.84527170658112,10.5553245544434,6.72852230072021,6.74726033210754,4.92655801773071,6.20435309410095,3.53153192996979,6.49047327041626,5.11641979217529,7.23859214782715,5.74413132667542,8.02442598342896,10.1357984542847,5.29396152496338,5.10176277160645,10.2876415252686,5.55311870574951,4.22257328033447,4.34975671768188,6.52064108848572,4.06901407241821,5.85417485237122,8.89263582229614,6.33650183677673,5.25612449645996,6.28301358222961,8.765456199646,5.2824330329895,7.21442413330078,6.90782833099365,5.22071743011475,6.46774339675903,7.75938773155212,4.43265628814697,3.4724817276001,3.68260288238525,7.56405401229858
raw_mediansX.Eu151.Di,-0.16642177850008,-0.394716262817383,-0.327783554792404,-0.548525035381317,-0.12445218116045,-0.375032410025597,-0.381636559963226,-0.46193839609623,-0.330610185861588,-0.402693063020706,-0.421120032668114,-0.416261032223701,-0.401781469583511,-0.348588839173317,-0.275978401303291,-0.354969412088394,-0.295047268271446,-0.267240852117538,-0.192664757370949,-0.34471195936203,-0.312735989689827,-0.451425611972809,-0.439854919910431,-0.186953529715538,-0.491760089993477,-0.357709884643555,-0.352257326245308,-0.459535196423531,-0.633486300706863,-0.462883979082108,-0.278663754463196,-0.264916449785233,-0.37569472193718,-0.193022973835468,-0.533965945243835,-0.223983094096184,-0.338982433080673,-0.147241346538067,-0.474817663431168,-0.347038239240646,-0.335453271865845,-0.255947470664978
raw_mediansX.Sm152.Di_clust,0.962976455688477,0.476279437541962,0.939248979091644,0.583049774169922,0.444787085056305,-0.0410554818809032,0.441540211439133,-0.0889359340071678,-0.117099937051535,0.674378633499146,-0.387478858232498,-0.194035142660141,0.496413022279739,0.48235297203064,0.836496412754059,0.762593924999237,1.93486660718918,2.14969325065613,0.491647481918335,0.690696358680725,1.34697771072388,1.43494629859924,0.307241320610046,1.59055477380753,0.493152141571045,-0.00613332632929087,-0.0652363710105419,1.24309837818146,0.378437265753746,-0.0694006215780973,0.515227317810059,1.12017244100571,-0.0382520072162151,0.676052510738373,0.0850708186626434,0.79260778427124,0.0235548540949821,1.05804336071014,0.593352019786835,0.215218156576157,0.554599523544312,0.903455138206482
raw_mediansX.Eu153.Di_clust,21.1768789291382,15.9879179000854,19.3417320251465,14.9984130859375,9.09546375274658,8.9852614402771,13.5504493713379,9.52382135391235,10.5549993515015,13.4033727645874,4.67789721488953,5.95301508903503,6.41238737106323,6.91822028160095,10.3250207901001,12.7953820228577,12.6543564796448,14.4613947868347,11.4555883407593,13.2732286453247,17.0970439910889,6.34520697593689,6.85529327392578,6.53473448753357,3.93022739887238,1.90471112728119,2.54445087909698,3.94514882564545,4.31514620780945,3.80884385108948,4.29371786117554,7.84275531768799,8.43704414367676,9.93722105026245,8.60845279693604,9.69623470306396,7.51714658737183,7.44983530044556,8.63280773162842,9.94970798492432,11.2406988143921,12.4323024749756
raw_mediansX.Sm154.Di_clust,0.787007749080658,0.363383322954178,0.952165871858597,1.20633220672607,0.405074179172516,-0.011216685641557,1.42641615867615,0.311591118574142,-0.0644657537341118,0.871236801147461,0.930691540241241,-0.193328097462654,0.36799368262291,0.184629775583744,0.919849038124084,0.430342078208923,1.12134653329849,1.27719259262085,0.419581711292267,0.470301061868668,1.12278097867966,0.603194952011108,-0.0732682570815086,1.67604130506516,0.249321769922972,-0.135165572166443,-0.0145834248978645,1.12791126966476,-0.141490548849106,-0.231587499380112,0.490089237689972,-0.19265042245388,-0.0582265891134739,0.371648788452148,0.405560970306396,0.497112601995468,0.775012135505676,1.55037248134613,0.325411289930344,0.193842649459839,0.849718511104584,0.630582213401794
raw_mediansX.Gd155.Di_clust,0.219952084124088,-0.279319554567337,0.0913929380476475,0.72321742773056,-0.373101204633713,-0.336764380335808,-0.226965010166168,-0.0571043211966753,-0.346495494246483,-0.0737822875380516,-0.0361230662092566,-0.359671756625175,-0.217181101441383,-0.335529506206512,0.00555792776867747,-0.157109655439854,0.165907196700573,0.269839443266392,0.122256368398666,-0.151457011699677,-0.017472704872489,0.163067318499088,-0.344125270843506,-0.217148251831532,0.141364978160709,-0.365349769592285,-0.255694255232811,-0.395353138446808,0.289221674203873,-0.376414597034454,-0.322962939739227,0.223329409956932,-0.202702403068542,0.0824210962746292,0.105887457728386,0.467907100915909,-0.0985500663518906,-0.245033569633961,0.181033954024315,-0.178622096776962,-0.0571301952004433,-0.143168911337852
raw_mediansX.Gd156.Di_clust,-0.134814336895943,-0.207239761948586,-0.314837589859962,0.0509116649627686,-0.182846233248711,-0.317875877022743,-0.186865419149399,-0.164582662284374,-0.327291145920753,-0.249558761715889,-0.0414540488272905,-0.350031703710556,-0.27683413028717,-0.356290772557259,-0.309656962752342,-0.35047459602356,-0.315275609493256,0.0986847504973412,-0.00688284588977695,-0.321505546569824,-0.128151051700115,-0.503506764769554,-0.492687195539474,-0.165736168622971,-0.0718788532540202,-0.15321110188961,-0.234025880694389,-0.326139390468597,-0.100073058158159,-0.351255908608437,-0.224298514425755,-0.29818819463253,-0.028778238222003,-0.13885173201561,0.29275193810463,-0.265276938676834,-0.457289934158325,0.00846671871840954,0.183090955018997,-0.24060183763504,-0.456945776939392,-0.208966329693794
raw_mediansX.Gd158.Di,-0.441144943237305,-0.383201509714127,-0.396729186177254,-0.519458830356598,-0.27886039018631,-0.410783544182777,-0.576189279556274,-0.299164459109306,-0.462373301386833,-0.205621778964996,-0.295295163989067,-0.440208047628403,-0.501298904418945,-0.426099389791489,-0.474358573555946,-0.446451038122177,-0.428255900740623,-0.357580557465553,-0.109880477190018,-0.397793084383011,-0.465839877724648,-0.514746680855751,-0.61115288734436,-0.363684669137001,-0.416575223207474,-0.522960424423218,-0.547685623168945,-0.440706551074982,-0.468304842710495,-0.403260007500648,-0.406309425830841,-0.369886934757233,-0.501933932304382,-0.549970716238022,-0.617511868476868,-0.451587170362473,-0.41427007317543,-0.402254670858383,-0.494547516107559,-0.448590576648712,-0.550030112266541,-0.510513007640839
raw_mediansX.Tb159.Di_clust,-0.361560940742493,-0.441073566675186,-0.473843634128571,-0.489782929420471,-0.333056598901749,-0.3674306422472,-0.537668585777283,-0.360639572143555,-0.418491557240486,-0.302921652793884,-0.277608528733253,-0.44451978802681,-0.296833664178848,-0.366359815001488,-0.339285835623741,-0.370286762714386,-0.307943791151047,-0.353810980916023,-0.538705468177795,-0.351565331220627,-0.308677598834038,-0.434853777289391,-0.506293773651123,-0.33168813586235,-0.497511208057404,-0.453367710113525,-0.380855202674866,-0.186575546860695,-0.351353824138641,-0.470407351851463,-0.313197508454323,-0.340998724102974,-0.349276781082153,-0.3001679033041,-0.324496775865555,-0.345256626605988,-0.51480233669281,-0.586828887462616,-0.438826650381088,-0.414885073900223,-0.298868775367737,-0.274636834859848
raw_mediansX.Gd160.Di_clust,-0.0419828724116087,-0.289486318826675,-0.230569124221802,-0.547821581363678,0.435194790363312,-0.360503390431404,-0.212874114513397,-0.171595551073551,-0.303180441260338,-0.229934617877007,-0.0179016604088247,-0.297062337398529,-0.280224561691284,-0.223855443298817,-0.209262624382973,-0.310737505555153,-0.315328359603882,-0.347837716341019,-0.323249280452728,-0.321238279342651,-0.181968063116074,0.264887593686581,-0.39585080742836,-0.0743431188166142,-0.294584736227989,-0.264694213867188,-0.132191777229309,-0.0269287656992674,-0.1290491707623,-0.385333761572838,-0.298394039273262,0.253362931776792,-0.305140167474747,-0.402856782078743,-0.309686243534088,-0.133727818727493,-0.37229335308075,-0.201849803328514,-0.0312635116279125,-0.110045202076435,-0.324351668357849,-0.502699077129364
raw_mediansX.Dy161.Di_clust,1.54457992315292,0.208973333239555,1.0113799571991,0.591183543205261,0.41540190577507,-0.051902562379837,1.35785472393036,1.26928627490997,-0.0716967470943928,0.622469246387482,0.101981233805418,-0.137196220457554,0.942078292369843,0.808251857757568,0.493445470929146,0.815967619419098,1.95352286100388,1.60575121641159,0.86058783531189,0.867608666419983,1.26920974254608,0.588878452777863,0.375441282987595,0.571804910898209,1.18015426397324,0.213859334588051,0.259152956306934,1.38554173707962,1.16230487823486,0.156818062067032,0.0533203631639481,1.32706141471863,0.763967573642731,0.724709182977676,0.460884898900986,0.786719858646393,-0.220462784171104,0.443045064806938,-0.0139315668493509,0.0563900917768478,0.521714150905609,0.539996325969696
raw_mediansX.Dy162.Di_clust,2.31588923931122,0.750670790672302,1.2999255657196,3.41056227684021,2.83059191703796,0.613246858119965,1.55779147148132,2.37975668907166,0.495990484952927,1.8563928604126,1.69811517000198,0.575781852006912,1.57040643692017,1.92327129840851,1.53170567750931,1.11807161569595,2.61919593811035,2.64725708961487,2.23320913314819,1.25216567516327,1.89777702093124,1.58086776733398,0.378851771354675,0.703378200531006,2.1811112165451,0.808688163757324,0.971374452114105,1.73767042160034,2.35436379909515,0.649457931518555,1.39769434928894,3.88404440879822,0.391317039728165,1.387151658535,2.29236125946045,1.35973370075226,-0.101611487567425,1.24700009822845,1.42771172523499,0.394728988409042,1.43455410003662,1.43304550647736
raw_mediansX.Dy163.Di,-0.167595334351063,-0.350543648004532,-0.205578297376633,-0.345768362283707,-0.300571650266647,-0.423138856887817,-0.364770025014877,-0.309532910585403,-0.444996982812881,-0.355423867702484,-0.126962546259165,-0.457402095198631,-0.340977311134338,-0.351519271731377,-0.467093467712402,-0.393841251730919,-0.281294479966164,-0.329366907477379,-0.128013297915459,-0.371493279933929,-0.212049946188927,-0.172616939991713,-0.512823164463043,-0.490377053618431,-0.307785779237747,-0.347211480140686,-0.353181526064873,-0.342835783958435,-0.58543798327446,-0.450546219944954,-0.411477357149124,-0.394676208496094,-0.355796158313751,-0.442655310034752,-0.468200206756592,-0.551188945770264,-0.423029273748398,-0.36895489692688,-0.169865220785141,-0.398556441068649,-0.440230846405029,-0.464659661054611
raw_mediansX.Dy164.Di_clust,1.34942692518234,0.379184454679489,1.17850548028946,0.870773792266846,0.768689632415771,0.0123945395462215,0.382448554039001,1.00944828987122,0.0514944158494473,0.911904275417328,0.663078993558884,0.014150916133076,0.838110268115997,0.520763993263245,1.16737848520279,0.869045406579971,1.98385238647461,1.56193602085114,1.3688713312149,0.960319876670837,1.2199758887291,1.28536093235016,0.520767986774445,-0.119661193341017,0.585292413830757,0.276412814855576,0.398085683584213,1.19641417264938,0.59620563685894,0.145490609109402,0.542985439300537,1.9314478635788,0.529179394245148,0.623405426740646,0.998403251171112,0.745983421802521,0.393726587295532,0.548675462603569,0.548180222511292,0.0568658597767353,0.888259172439575,0.467640787363052
raw_mediansX.Ho165.Di_clust,1.4983646273613,0.74133163690567,1.33085489273071,0.337336033582687,1.61073875427246,0.451759397983551,0.915101230144501,1.2642725110054,0.252596855163574,0.349838942289352,1.2191915512085,0.507073640823364,0.718055784702301,1.25068855285645,1.43063622713089,0.549589395523071,0.327990502119064,0.941479653120041,0.49489814043045,0.448558002710342,0.668191969394684,2.84421193599701,0.789362251758575,1.47713780403137,2.59196615219116,1.01458883285522,1.09786367416382,1.0981382727623,3.68649125099182,1.04791462421417,1.0823392868042,2.35970640182495,0.960341989994049,0.820009350776672,1.45911622047424,2.15130519866943,1.59540748596191,1.68828767538071,1.78006911277771,0.682956397533417,0.878488957881927,0.692106127738953
raw_mediansX.Er166.Di_clust,4.00453996658325,0.90633636713028,1.48610317707062,1.201376080513,5.8985652923584,1.15021371841431,0.637185275554657,3.96572744846344,0.974759668111801,2.36847758293152,4.52814149856567,1.57313454151154,3.01115870475769,2.46274411678314,2.33569419384003,1.20892000198364,1.96877777576447,1.42980754375458,1.45782828330994,1.27285051345825,1.1978394985199,3.47208189964294,1.01516163349152,1.43464052677155,2.5604749917984,1.33832275867462,2.02386516332626,0.809567928314209,2.22410333156586,1.4325470328331,2.06680601835251,3.27876138687134,0.734219551086426,1.46716338396072,1.60889101028442,1.80796229839325,0.510318994522095,1.28356939554214,2.35173153877258,0.883386015892029,1.169557929039,1.22286069393158
raw_mediansX.Er167.Di_clust,0.17405166476965,-0.242913022637367,-0.0867520160973072,0.477274209260941,-0.11725951731205,-0.24427030980587,-0.0693935304880142,0.312083393335342,-0.257623463869095,-0.0828183814883232,0.139560099691153,-0.263670533895493,-0.118478991091251,-0.117897685617208,0.213226720690727,-0.0106747811660171,0.521826803684235,0.160827279090881,-0.0548764243721962,0.082079291343689,0.0447053937241435,0.563794702291489,-0.273830026388168,-0.144577042665333,0.421304777264595,-0.400941967964172,0.0855671055614948,0.405876204371452,0.224376209080219,-0.209125101566315,-0.00111443945206702,0.954045802354813,-0.142800733447075,0.160760633647442,0.353081107139587,0.126656949520111,-0.284251809120178,-0.180790193378925,0.325489342212677,-0.00961263105273247,-0.145602136850357,0.0285992175340652
raw_mediansX.Er168.Di_clust,0.792654514312744,-0.130420967936516,-0.149912349879742,0.755587339401245,1.28459239006042,-0.0823312811553478,0.307421177625656,0.953652650117874,-0.144730314612389,-0.110729433596134,1.86824929714203,0.0114877419546247,-0.110290847718716,0.216127075254917,0.727401256561279,-0.175276711583138,-0.194184243679047,-0.240709058940411,0.716941654682159,-0.174310222268105,0.0623171809129417,1.02742341160774,-0.140852719545364,1.15940171480179,-0.196390777826309,-0.0772774443030357,-0.0671513192355633,0.634234040975571,0.517237663269043,0.151230342686176,0.210872270166874,0.558516979217529,-0.0686846524477005,-0.0393665824085474,-0.094982422888279,0.0676086395978928,-0.0270188059657812,-0.0143195930868387,1.15557110309601,0.0550745651125908,-0.0189274381846189,0.0679046213626862
raw_mediansX.Tm169.Di_clust,1.1552300453186,0.589109063148499,0.718024134635925,0.241874501109123,1.37285923957825,0.182421892881393,0.643629789352417,1.70059156417847,0.604442775249481,0.457539349794388,2.7423882484436,0.0581060014665127,0.405733644962311,0.517561510205269,2.75763857364655,0.12478456273675,0.0792444795370102,-0.256066828966141,1.27264714241028,0.0372272022068501,0.476858079433441,1.34748023748398,-0.0956508964300156,0.711035341024399,1.6410835981369,0.400011032819748,-0.139489345252514,0.50440801680088,1.95668083429337,0.926656186580658,0.915086597204208,1.86087995767593,0.523836493492126,0.36954265832901,-0.0735564902424812,1.81688070297241,1.05736756324768,0.813724249601364,2.34291768074036,0.460822761058807,-0.146016150712967,-0.144756644964218
raw_mediansX.Er170.Di_clust,1.68166559934616,0.996197044849396,1.84697484970093,0.263863086700439,2.57484602928162,1.11418896913528,0.725853323936462,2.32984375953674,0.738376557826996,1.11183083057404,3.08491230010986,0.358759090304375,0.92072331905365,0.637197732925415,3.33857917785645,1.08666384220123,1.20720142126083,1.12298691272736,1.41466379165649,0.835545659065247,1.1954146027565,2.9962215423584,0.414706379175186,0.957265138626099,4.42896223068237,0.422690957784653,0.15411177277565,0.429197251796722,2.22605562210083,0.519270539283752,1.72777289152145,3.60576474666595,1.87683343887329,0.868967741727829,2.2441840171814,3.33853578567505,0.999134540557861,1.50924891233444,2.99145293235779,1.13535714149475,1.8121052980423,1.71659219264984
raw_mediansX.Yb171.Di_clust,3.73880696296692,3.64744138717651,3.08799874782562,9.38829040527344,3.9742283821106,1.98837947845459,13.5653581619263,1.92151689529419,1.84276592731476,6.44491338729858,2.02208250761032,1.72100186347961,1.20316445827484,3.16787052154541,1.880162358284,0.836492657661438,1.02080279588699,6.1428370475769,5.62160158157349,2.17389941215515,4.07806420326233,3.89739978313446,1.3220397233963,2.6681934595108,3.49451577663422,1.11499309539795,1.96743887662888,15.3288803100586,3.4466906785965,1.35138720273972,1.28346002101898,1.26637724041939,2.24914360046387,2.15601682662964,1.7207008600235,1.85711014270782,3.08001756668091,2.7330470085144,0.67227965593338,2.15903902053833,0.777649104595184,1.92525172233582
raw_mediansX.Yb172.Di_clust,0.690055400133133,0.0277798287570477,0.218429557979107,0.739248394966125,0.141686916351318,-0.0621502306312323,0.362493067979813,0.184547662734985,-0.0937141850590706,0.516137897968292,0.881118655204773,-0.0658442936837673,-0.115052171051502,-0.157183632254601,-0.0989186242222786,-0.16473550349474,-0.0420245788991451,0.431305125355721,1.8974484205246,-0.00189362093806267,0.0228751404210925,0.866398423910141,-0.15528929233551,0.197443410754204,0.520926415920258,-0.0906230732798576,0.210947804152966,0.205132354050875,0.830820024013519,-0.138785526156425,0.00835022376850247,0.937901198863983,0.341417849063873,0.272350043058395,0.087777853012085,0.855679929256439,0.00635777553543448,0.144181022420526,0.238562658429146,-0.214022934436798,0.324666023254395,-0.154835477471352
raw_mediansX.Yb173.Di,-0.389809966087341,-0.370896428823471,-0.469674691557884,-0.103310711681843,-0.328748017549515,-0.451942548155785,-0.136980652809143,-0.345757246017456,-0.390953809022903,-0.29044908285141,-0.414582625031471,-0.412149995565414,-0.40393453836441,-0.268677234649658,-0.440075367689133,-0.437754943966866,-0.410839140415192,-0.394293144345284,-0.324366331100464,-0.410886585712433,-0.411581590771675,-0.441083922982216,-0.414564251899719,-0.38436470925808,-0.536450207233429,-0.402163743972778,-0.333248436450958,-0.306937351822853,-0.250471293926239,-0.450920343399048,-0.328142985701561,-0.427982702851295,-0.35701784491539,-0.53222593665123,-0.420625895261765,-0.331809669733047,-0.513331651687622,-0.704175710678101,-0.445992261171341,-0.453915119171143,-0.467076301574707,-0.412241458892822
raw_mediansX.Yb174.Di_clust,1.67071527242661,-0.117294751107693,0.11119868978858,0.178149819374084,0.176457926630974,-0.169925384223461,0.869577646255493,0.346732825040817,-0.168606393039227,0.439870268106461,0.100290162488818,-0.164165705442429,0.237102776765823,0.0306464415043592,0.270330540835857,0.0428343955427408,0.323622077703476,0.733261287212372,0.22735221683979,0.067343145608902,0.505230411887169,1.91356974840164,-0.122854888439178,0.226282931864262,0.742298662662506,-0.0223637372255325,-0.14363345131278,0.214602097868919,1.14038303494453,-0.0744416303932667,-0.0745129436254501,1.09855228662491,0.42602276802063,0.0284386994317174,-0.153161406517029,0.421907097101212,0.0994906947016716,0.314260497689247,1.12403118610382,-0.0287498477846384,0.0159417688846588,-0.0768644139170647
raw_mediansX.Lu175.Di_clust,4.11848247051239,2.01014161109924,1.627809882164,1.80472886562347,4.13224172592163,2.3774266242981,2.08169484138489,4.96646881103516,2.562739610672,1.9218168258667,5.35744428634644,2.40902483463287,1.97734487056732,3.82955777645111,5.50821137428284,2.42983853816986,1.69420671463013,2.05201685428619,4.32251024246216,2.49746131896973,2.58669424057007,4.80453491210938,1.88182127475739,1.77227568626404,4.41711330413818,1.56310784816742,1.69105124473572,0.491823837161064,5.32437586784363,1.89960443973541,2.44093799591064,4.49745941162109,1.76016616821289,1.68218702077866,1.9765465259552,3.52054166793823,1.6462219953537,2.04316461086273,4.09269952774048,1.54108738899231,1.19746851921082,1.66465640068054
raw_mediansX.Lu176.Di_clust,0.685433596372604,0.54286915063858,0.909080445766449,0.0724998041987419,0.784070730209351,0.204208597540855,0.871848940849304,0.875201255083084,0.220539137721062,-0.120656251907349,0.657627463340759,0.114390302449465,0.254078149795532,0.342960268259048,0.971268028020859,0.223571315407753,0.118704691529274,0.603114128112793,0.025151826441288,0.23994842171669,0.579280883073807,0.845662891864777,0.4175725877285,0.59138685464859,1.18996584415436,0.505653619766235,0.482073456048965,1.36973994970322,0.750148594379425,0.72175544500351,0.263098068535328,2.12466275691986,1.04085159301758,0.985873371362686,1.14561581611633,1.04537868499756,0.749293625354767,0.599632322788239,0.719300985336304,0.984594881534576,0.471148759126663,0.860512375831604
raw_mediansX.Ir191.Di,135.510528564453,235.163925170898,191.746719360352,402.046508789062,78.3426513671875,61.9150009155273,171.730377197266,63.2348289489746,38.0809288024902,156.962158203125,67.6872100830078,33.7187671661377,54.7118988037109,71.6887969970703,35.7516574859619,36.1964168548584,45.4788093566895,103.244834899902,159.484619140625,49.2415237426758,103.545383453369,121.059730529785,137.928741455078,218.524978637695,75.845630645752,100.067741394043,109.388774871826,199.706214904785,79.9247856140137,81.2201690673828,87.2676162719727,93.5022506713867,56.3612442016602,120.470436096191,124.640617370605,87.7448196411133,73.2469711303711,76.3152122497559,64.3879013061523,49.6629104614258,80.1221313476562,120.484512329102
raw_mediansX.Ir193.Di,291.94660949707,472.361389160156,406.326995849609,814.696044921875,146.256591796875,129.400596618652,352.893981933594,140.744964599609,81.016429901123,358.422882080078,140.862197875977,70.6925888061523,117.531372070312,142.847412109375,74.7445182800293,79.068431854248,97.6794738769531,237.034744262695,336.641937255859,106.804321289062,230.07991027832,218.660232543945,291.574737548828,411.753311157227,161.537620544434,226.395584106445,234.209831237793,413.6943359375,164.712669372559,165.248680114746,183.046691894531,214.294006347656,143.206604003906,271.027328491211,257.989715576172,190.656784057617,178.612442016602,192.720420837402,133.105484008789,103.407455444336,162.505554199219,263.202972412109
raw_mediansFileNum,1.07829356193542,1.06218266487122,1.03569012880325,1.91694712638855,1.94409954547882,1.07894253730774,1.08050656318665,1.92855322360992,1.08279758691788,1.93966746330261,1.92976689338684,1.90490520000458,1.90495872497559,1.93856251239777,1.96043115854263,1.90328693389893,1.90393805503845,1.93869078159332,1.93416965007782,1.07259404659271,1.08927088975906,1.08330315351486,1.09341585636139,1.04989361763,1.07644563913345,1.06276333332062,1.07058095932007,1.01630431413651,1.04974663257599,1.04816555976868,1.04376918077469,1.02823376655579,1.03550744056702,1.04535841941833,1.08187580108643,1.93417453765869,1.08663082122803,1.05086022615433,1.08425962924957,1.04104542732239,1.04818868637085,1.92136454582214
raw_mediansdensity,10703.5,12330,15588.5,5688,10842,9564,7891,16172,16105,5958,8303,7693,7406,7458,19748,22692,32663.5,9173,12830,19612,11815,6118,4901,5537,7101,4657,3718,4457,5412,5505,3360,7799,5851,3450,4110,9387,10269,4592,16240,13347,15310,10498
cvsTime,11.1566825231141,9.24278020475521,7.25230854779916,6.74929432806135,5.96641592959982,9.60096621262026,7.24984237448404,7.52531261358801,7.72240759642033,5.65110384484572,13.6425302153269,8.06415013633965,8.19946504548622,6.68791978253993,5.46480265078821,6.94675338782413,7.03776320200222,8.39269243990047,7.42061425924369,8.77769971775493,8.41129086042525,14.5974650408381,7.07111391249668,6.88610464251193,9.84324718811148,8.45296932715083,8.03101860443908,13.0897597808369,8.82857532934187,9.12855009884331,10.0631134458115,7.16829818017078,9.62290313354513,8.51794040805772,8.30687843460651,7.65261638091624,12.241169903778,11.3563764611717,6.59909785119827,9.59160942196818,8.16626338912707,7.26729264750058
cvsCell_length,8.25087983574628,7.47072253416263,6.77122663144399,1.89513887883124,10.0671711285941,8.37762706038417,2.97898467428736,7.9813422199539,8.87640758972306,6.46335131445088,6.99435563870379,9.36405116965508,6.61394211439247,7.17074758022049,8.39204502680199,8.95023891934795,7.69333959978059,5.29807122891416,4.18135540402083,8.62548367232611,6.17561418008718,7.49306141841167,7.09562245789473,6.38664528960485,8.46873231623913,7.08657937468569,7.30251988475391,4.38363821245826,6.46153663605555,7.62732901226179,6.49784313783377,4.75922311356497,8.64563409538106,6.70193442883534,6.58458132679819,10.2628935031885,8.8607560931972,9.29920397585231,8.82819622880746,8.45673018481409,8.76021796190875,10.1085021234333
cvsX.Rh103.Di,46.913031722389,58.9738373681107,63.1686719864797,57.1446100066049,60.2298281797588,64.2666997289332,52.7854389320452,59.8837277244195,65.384862700451,61.3565213580561,58.1960451113875,57.9375908768658,53.2937721725589,55.56448142507,62.2986108103647,59.5035846287155,62.7314460028965,66.8093843034207,74.87369441385,62.6154947442286,59.7092852308155,50.9837153965171,58.3811412020303,66.8376965953945,84.6000724991875,57.4168493887509,60.7700329750284,58.2654272019206,62.2551732444225,52.5632278815888,57.0132852659814,72.7346040756702,67.7889294952301,43.4690665581113,61.9399043199607,144.11693606694,64.8988700632586,69.9918314468251,44.0802819721928,94.2672990655385,81.8455276600246,55.1011143432162
cvsX.Xe131.Di,298.03044944522,249.219570521959,216.892888053691,615.198464170562,118.097807135218,145.58406982383,203.419839368176,96.9288920014532,144.093851893025,313.895327601638,185.03926449734,152.415895674062,106.75131386089,193.589732284399,153.971862274126,159.969327631367,147.86096271285,169.408747214853,122.884610281347,148.697138587873,389.972393512421,763.038521739528,275.581653430392,90.5364576725389,107.398989307241,156.463837749803,109.78368309593,150.525787832764,139.42223502593,110.455755977541,121.925734827333,49.7752747239342,1174.69850913712,467.846249519394,306.551821258065,124.254044978266,342.688252000358,70.5011626234746,135.31918815357,139.037950416396,118.76261421401,383.535455955102
cvsX.Cs133.Di,87.4304571392421,76.383647690163,69.1915647350863,88.2138756964159,86.7101676227216,86.5373747644499,210.450983233161,190.971087883922,91.9590415371306,62.3807636987556,69.0980679834081,81.4841250581229,99.2348856529025,46.6879972774749,76.9126704070131,81.8942023554246,76.5731159820985,84.315807411243,102.82078250876,87.9318581737805,65.3765036632101,39.0886794811725,128.144909106435,54.0744710009497,546.748843348034,64.6276340999918,58.2376551098385,76.2573154939299,64.77693593838,91.2207664496909,136.633247307233,38.8970286577165,64.0726827847364,57.1389706345066,70.1198038594558,90.3382679970664,70.5032733148403,108.780935757735,53.7546884660859,93.5710048831502,66.1279497872572,88.8232452246042
cvsX.La139.Di,104.419533566066,1160.49801290075,6112.93356180249,694.343554542927,92.3928051136678,964.734052135332,957.384769907754,162.763711471273,396.604345538919,461.646721923981,117.279707176456,372.10337165118,697.109722992533,4451.15958814502,177.887472441751,526.378780833335,523.506672599369,13305.1994739215,143.608693584883,865.36051562775,1308.49976147396,107.559502719036,921.483877527676,5714.925059197,121.2820700496,8002.66983061574,644.921515996855,900.464857149375,105.705262637801,438.066546442228,3256.06897042766,104.446740503546,652.399446262033,2028.61843890968,1170.1756157295,160.493707036474,1142.18775907973,1003.5619306244,133.646532454984,384.71216663159,360.506015029398,5955.71505280205
cvsX.Ce140.Di,382.068373264804,249.820578191624,263.838973046839,1515.28079696124,430.008361627452,736.841148256733,979.926701703585,1418.26462977238,300.734142759352,342.788861330156,652.341583598752,514.975712578052,746.873509749156,935.033189543722,292.886109414686,364.908004245068,299.031144756271,1969023.73416045,147.648791311883,353.615086811545,815.607312903436,713.75936115229,275.541930728177,413.872820060043,578.901940145099,210.601010687693,173.990475472062,241.498191740897,1091.88587573832,743.985115249798,83.8552264126046,179.841583128636,133.114117727427,195.618992074144,495.902380744457,1900.72382762091,2078.84767813575,94.4853911837612,254.681031367512,457.294451545667,395.388423077263,1437.08602899909
cvsX.Pr141.Di_clust,18.6499809401671,18.5850838017804,22.8748109584856,14.0571245507775,9.45194024358551,11.3009361556081,7.40492711054066,11.8904127451323,12.8336869464631,12.1326885167873,11.3741751992129,10.1328352564969,11.09202990214,8.80665308981898,14.0971844220941,14.3707685510229,16.1673395846379,15.5919839310661,12.7954045072249,13.3768517253298,14.1866154334426,16.3759410745264,18.5882231552134,27.3789450093063,25.923498264419,21.6439938640033,22.0582524243015,21.2475880120052,18.210399450505,16.5696901536311,18.2656393913614,30.2462538317778,30.4840092146433,23.1509311866539,25.2397277956708,20.7143264441656,34.9313158518152,33.1352385149141,36.5294210335282,32.3768560602382,26.5099121206866,32.4121274662981
cvsX.Nd142.Di_clust,109.207187482032,151.283823710864,147.318543510272,82.9874294667476,131.279876551114,135.161354670874,95.9657551908355,138.699470346118,161.92769064547,92.4755300480384,154.230412996922,135.26741182065,121.514953726983,136.524748765499,152.115204739563,143.47213052389,112.179275026214,101.279850468467,79.1547978648592,130.407096451617,107.235785785688,267.697939400101,196.638320820355,67.3389185390512,173.87704652907,158.093418263154,145.618568349524,181.559969957103,147.098291794751,181.964455988819,226.184809931994,5630.58031418352,273.160650796364,140.206996446641,168.196265486308,367.894443358276,168.652964594176,140.156996216859,181.479108111845,222.722829847452,242.429070068073,197.780672153292
cvsX.Nd143.Di_clust,95.3138068417614,188.817543271792,110.927562242499,79.7125939288511,130.909119325496,184.026378945508,164.5860908095,142.330310364972,198.242178369986,84.3571441663517,112.032050743254,221.490523770382,121.508877204643,151.719882274497,128.057781415531,127.031616891693,73.7928831402127,77.0564550594626,82.4602487784848,116.192070918021,75.2286642616911,116.441878969624,179.371567365526,107.966403398784,132.539742491554,218.066682601702,147.446322569227,71.7670796874871,104.835097047814,179.84574768749,131.142163151784,181.154819566888,138.341317518366,115.332663264969,133.851163779138,167.713149124244,198.603514721538,122.860658969031,157.611263487622,145.593347011617,102.569348614292,112.674117578278
cvsX.Nd144.Di_clust,92.8412768811922,191.202652448493,119.684651367128,68.3112006131898,103.225622458797,134.980640673969,83.4311748549927,100.727885138443,138.181650956906,123.97357470611,88.6812171498935,128.668229029856,132.882880412602,92.5359567469054,108.766926515851,117.266528639877,105.701538353559,79.4042419357937,87.4908995186627,111.788896088398,84.3067047327193,84.9874507070258,156.860773354496,87.5674085683177,90.8720071770993,111.864219937713,114.432562979577,59.6960761816561,67.5931272679302,138.485968638653,117.183964166454,176.213053054244,179.366535422422,99.8917999330859,129.357673425962,146.651712240979,120.850925246315,121.922072750337,153.92651765993,149.099711024953,136.079407673413,125.013831144069
cvsX.Nd145.Di_clust,26.5695176418866,25.6721483927472,21.9472627611652,31.8219493254162,26.1234977852483,24.8807056234449,25.3320947947408,41.0880549242047,25.9410576071445,22.1968399539885,56.9652797998051,23.7481780329113,26.6480032335763,27.1653121735065,23.8988884992217,24.4393039209478,25.9219418322043,31.7294145975508,23.7871964981274,28.3337334674767,24.5214527582266,24.1859038440741,30.0103051836637,28.3567802896348,25.0432983838631,19.6828313427219,22.0966410638852,28.0259519894761,25.9289259590719,37.5489214037724,22.9021938142894,16.6177177296228,27.2112653148068,26.6284190923146,23.8458392057964,21.5586574990321,21.4678354701824,20.6723318372621,41.2801889351038,21.4889417340691,32.1675173605752,31.7530449279806
cvsX.Nd146.Di_clust,35.3435261045991,48.5373446473857,31.7259661087915,28.1841802922613,35.9649497646448,41.0663186405684,44.130063154809,31.3403992869008,43.6095773682793,34.6849560867247,32.9864630515402,44.1631432842793,36.3850266553846,34.5852510696011,33.5161404306377,45.6760251601223,38.9573374395321,40.3892848237285,36.0236447100425,44.5093540786452,36.4073944384507,29.3497959973837,52.0226441010741,32.0853792167304,34.7222100103095,48.4865793136628,45.4334579723758,38.7010334316621,54.2138013119377,46.0846416488652,45.1426101599756,40.2447269218838,56.1454525009982,42.6076028727497,43.8081148785091,36.2338340118373,52.3872095558514,45.2499604777705,37.6099831116036,50.1864655513956,44.1128662461263,41.1834645906964
cvsX.Sm147.Di_clust,245.260879151659,242.368653957153,369.64850953373,170.412701653646,804.11858168868,541.30506049969,559.500322810253,280.637486257679,855.458225999564,440.748974971886,677.115214624874,944.527596201279,618.165141849183,670.208848086134,281.390336329465,465.44958189982,381.183132230351,190.387638572623,219.173462264313,468.445735245255,206.318951463836,156.56518522002,422.626670504185,149.929348999426,421.939446855204,508.77984361222,354.36387108149,172.569432453289,184.087276656134,396.91687252716,200.320029023814,342.255744962438,197.797778234733,150.15557359945,203.65073264185,257.697601591869,344.188958596357,233.69960203738,295.635237163918,302.213308868498,159.208953123117,249.388715427878
cvsX.Nd148.Di_clust,149.735922061001,204.152476324835,196.666364711604,99.3299228623768,252.557737067464,270.884644266349,166.079417225727,222.806566288984,231.123248186553,198.405966398509,195.627431469033,288.868770781626,311.47166519888,247.646570949922,260.029941372195,272.705519791149,432.772397753,176.823964750784,214.722457761653,237.674989316104,202.454555022064,133.757889080295,267.62072810803,159.752566799825,208.858648480593,313.24940000814,217.87541584838,197.412548782661,230.679834283763,426.546032119974,223.765905295599,148.252480228645,266.871791009529,377.775067232733,130.96110824859,178.143304009393,185.700277312053,275.457125189777,137.948367373963,236.034615648446,191.175100274964,139.8279014343
cvsX.Sm149.Di_clust,98.3011392655662,79.5029692508599,79.8395087817204,83.2921228895286,77.1680721716901,98.2581624161425,52.0797282256931,92.2478469820831,92.3506953682237,96.351362557048,77.0308516705921,96.6410842803735,84.2104000024655,75.9690464649508,83.4380541998754,98.3344320324326,110.666390569126,83.2427969410505,90.1618237958435,108.662145253143,75.9849528111129,55.6512216364036,89.6533025828425,60.9074985724592,79.4446160941432,79.9491797357573,90.2846046679605,63.1546237121976,65.5294908529712,77.1301709880798,84.840020490862,69.2605752538623,64.1608894922838,81.6031101343818,82.0499721722995,71.1715682695852,64.0836812761434,43.6508702238132,90.7131438623683,70.7814240024492,76.0676046612633,55.0908883110109
cvsX.Nd150.Di_clust,61.5728705892725,61.5549513064749,57.8247317714009,43.0389327360666,42.7099561516052,66.2265250208858,42.7999598160282,43.3878733225825,45.9689085965127,57.8410399930875,46.7245648472192,70.8484985651193,47.0928584578351,55.2141195076263,42.2809348737568,51.5072671576609,41.9461520161166,37.7790382457833,60.0515213062511,56.4367142662789,38.9211909995571,47.8024684116473,67.0489321256944,60.8378712061063,45.1755900912855,64.7232315027755,50.1296242274885,43.0452221654431,38.5393502733713,49.3009017765123,39.9331186587522,51.5807402686362,57.938898219421,47.7854783567287,50.1022405919788,66.1699719525325,65.3705083102172,60.9392280526954,73.222022953797,73.7564907233567,61.107073005929,57.9566088276919
cvsX.Eu151.Di,900.638606521217,291.537067894499,395.15811350204,143.282639146912,893.069873752128,312.375729810242,199.390493798608,426.206293198728,584.775058327086,1942.97575688092,654.366867795489,184.979681227767,222.039777646785,439.605614848751,13038.8584063022,418.778080423762,895.860300854617,492.033552995241,546.535870388415,365.225891593022,3547.76491847459,91.411546699145,243.425727106892,243.356905237097,298.625513446119,217.405250322088,1871.05034678926,161.012378201131,854.546490009476,138.583791600197,174.484183814821,644.449020042678,153.920715281721,1113.90914726922,397.419518561735,861.365337653419,200.36635795081,277.403583403645,106.754772824236,318.458161520563,551.420537757816,1749.42786603996
cvsX.Sm152.Di_clust,136.375420387552,208.029237493343,156.779093399182,127.182929719529,178.50310368942,343.780179989867,181.222548606008,401.346240802422,447.185299649731,152.845590919855,700.450659136673,630.754104910701,191.587252933217,202.448831057055,140.292502034608,151.330520035529,93.0425786052847,95.7013434209618,150.623744071466,157.465341979242,118.262511092669,95.8072205644133,242.71508457273,91.6171659204652,259.952373103192,295.194067366172,272.906251141506,103.82644620835,251.980606064226,361.980561342777,172.192662430551,116.313761233518,265.794513911883,161.705291640024,272.33199917422,139.894193233343,297.207928867781,139.810383981051,156.069995685433,278.775200760228,186.202243051335,139.898542755519
cvsX.Eu153.Di_clust,18.4678570766755,26.2727000165199,26.5026574674084,24.071193025353,40.1720162887296,39.1152707415199,35.4287101857686,33.6006574238906,39.7061571055376,25.469550378336,51.0906131951023,52.8685931521693,49.3868681962704,51.5542849969327,34.6391668927801,34.5442118034091,33.5257677393975,32.7232504521785,22.1724776602671,32.6283909042181,30.4107977455754,48.4355192314619,51.9611790963331,46.4664963701089,66.3952122195159,110.076519311602,95.0039986819925,85.0060919305236,57.2164967646958,69.2733049850325,74.9393069128449,39.7990140628396,44.855454883659,38.750878711188,50.2848879798807,32.9581557666585,62.8281245799144,46.8279895204095,47.8262248014147,38.1647987989809,35.1953701094213,30.6918719054254
cvsX.Sm154.Di_clust,142.136156301852,192.104535034839,141.63758743761,100.637377184496,185.54619101201,314.971961718672,129.300773218857,203.993467868104,359.846481224482,162.776498005268,167.762309051986,834.110846352314,216.42856614425,249.619844587916,146.492400699095,201.952812538129,127.092480121878,116.35999702209,197.098199707421,180.85192595197,129.770776006777,122.287118870535,335.086897515586,78.4993036542536,243.751182178782,361.567509692266,351.290789829255,144.782724527078,315.399698792912,872.004098235194,202.057603560875,599.371918027281,302.214921676031,179.833280477397,336.63548030826,194.185119810938,162.5734086792,111.822668414956,155.147692266275,242.454188242406,166.403154243607,162.771976590161
cvsX.Gd155.Di_clust,208.970870090093,2283.16786953985,355.479309396824,167.668959929456,424.024845363616,937.701993704892,1999.52665431764,346.61883535207,1104.11239704691,450.325041153117,1587.59390860716,840.621645706129,1872.20532517183,1057.48213374544,365.806055998538,550.603714913341,258.87894225169,211.304408898148,321.799878516041,504.963554673206,352.050791799189,324.668103554455,3462.8930914746,478.796310916125,319.941832020436,1176.37203112021,807.648989997966,199.6857952123,250.343588021146,746.979378681568,894.502958736265,188.933689773936,367.032057892589,240.785218054262,204.355133284413,181.848157054971,573.792005710138,313.028550607914,295.679399183996,874.026264747023,316.144988568876,1392.28637879147
cvsX.Gd156.Di_clust,429.116075632996,1048.6138542393,1017.74041374136,586.167256547091,245.212865089594,2328.63377385151,11125.4506823592,4725.13292110417,764.006054098308,762.864726312389,8376.44611047632,1056.75173562074,3690.44079094125,1158.01856636556,2157.4708838979,1144.41666679482,1039.07818038084,265.309951677576,316.014995837128,954.107913915608,531.003666225587,442.69872675635,712.206025962684,657.284833926897,474.677551736429,718.807578115428,21800.8397858084,383.66131903805,849.693363063525,1217.94700518769,415.543022635467,689.112233289067,588.205060209534,455.585310735155,243.832526231304,410.058241889116,559.587270261238,397.152904623722,340.041918493587,580.827536479033,813.395038272868,2027.2640351049
cvsX.Gd158.Di,130.516465099997,267.208252275764,115.072538907611,283.89075535614,2307.24314132459,278.088841555407,56.1070830801586,3346.60972828763,201.83882157399,8099.20239680292,1461.76088783487,252.804211394482,115.127944326711,248.67305395745,183.849617776715,211.439308604984,215.269359328928,203.231738990133,848.300195026133,259.850032585316,323.405526306897,200.394763479116,105.471026898846,323.988609666215,140.555210243732,161.879674246995,181.40790570441,78.5421292721278,604.33348309707,273.94826612568,223.289803689504,72.0343407050684,84.0432368306554,77.7407819143439,104.942598587401,263.767915608722,347.146478502591,92.0873749457639,99.2099647009327,151.404299221782,106.514996675233,112.746092690051
cvsX.Tb159.Di_clust,217.949062303506,176.162507381017,366.71025378241,76.8905543983477,662.743725795131,598.762289434192,351.91837061165,628.848933056634,261.192454819738,321.832103765443,181.617920202824,211.954531622093,617.008106282693,1920.94039602069,6320.53490659783,458.742410552268,1634.57681343996,2711.38841649052,283.152787681438,591.007255023125,6024.57769666963,10440.2211195647,440.149881747041,11836.4637791783,126.447714195317,302.95375206889,126.895842374907,495.504339455823,89.8378098128804,236.280978141473,212.793635988995,719.018193872217,300.706070844956,1222.20571883795,188.448630481175,567.81653914027,57.2796931105335,120.22443422798,250.577708679869,729.456391988834,397.955031003977,3835.44325978619
cvsX.Gd160.Di_clust,1302.42081203684,2691.30245181315,930.456987982511,527.13563931704,197.836154365628,547.680777727195,984.075731404795,317.451818380141,7542.42382431955,1347.63392010886,549.919040822617,6752.63785441475,1504.68037891999,993.695640001844,581.475975145304,1416.89896845047,6949.57007762263,2498.9876118639,433.914895756448,2229.89614332098,563.744428095851,195.941302359121,974.897226359685,5431.57160290211,575.311322168484,1166.0883281372,1148.00379535162,464.819697831098,573.294809299104,383.728323154318,562.662113337491,229.158722251635,381.783705852891,714.648682247286,1290.88563926395,282.448253477883,13808.2807728702,402.186505133624,799.514565181404,590.503848400716,555.920237663454,211.457323950148
cvsX.Dy161.Di_clust,100.940710721109,223.094161518494,131.511518255767,145.511320815953,161.101675811709,313.149284923947,113.272687701393,121.102549304733,350.622893129349,162.073960832951,162.994574241116,404.976749212791,134.416576295003,156.383534415706,170.385854250174,146.709110899287,96.2095911101381,102.904523167905,105.582277282025,142.322732357998,120.644671324802,166.60691775776,243.354334572705,132.069086603359,132.747168915978,207.403676779293,244.565504052404,117.242674176307,126.141659989812,240.58634198507,234.103402203175,114.011067526072,168.000003918396,129.123321757479,171.946425199753,159.324792687651,417.148830566744,152.108674469467,380.127322450822,231.466204712745,153.142289287953,185.856920739706
cvsX.Dy162.Di_clust,84.354942505335,146.798206000884,116.63388339921,65.3116173920075,65.6497999690979,169.185586479742,110.854944013714,82.5107570455708,178.720984481344,98.837962333636,99.7814313892622,169.63816033837,106.411572226062,99.3348094164824,110.668747718649,127.52987734649,85.3588273070442,88.0767019632801,100.707305649247,123.030324150926,100.539373004142,108.689659842808,184.266080638249,143.683848759554,91.1400729905316,156.122830553498,146.113352436843,108.523010528533,69.243940221772,171.30840564126,125.051835859628,58.7000829923697,146.822366157417,111.353120784706,104.971383073579,114.08505742826,214.552601335816,132.860720475688,111.46576959528,186.385466158626,119.50113567682,109.649549617837
cvsX.Dy163.Di,18416.6481166878,355.30843026045,865.81070924504,752.323139879294,297.681127143319,226.094655599072,154.784406181009,725.229659179437,213.255627738462,184.631212842041,334.390492994128,280.032550566006,418.997565455136,834.429103451765,575.054085317823,425.410960319927,1746.75934532635,381.487971895148,840.16339785274,837.700500708067,23396.1700094139,800.869297034418,274.722107529919,52.3359676254192,4921.89669275552,119.194510140474,225.372753700219,144.835819017242,153.886213217512,140.736599398973,1756.17639850487,532.958775343433,287.0259624122,253.067996820088,635.447489080362,247.779298315771,158.007147099139,495.65931600836,1258.82294086852,220.466441783427,432.145525942465,188.049025360913
cvsX.Dy164.Di_clust,100.908291299378,189.787781617419,148.369673552998,214.115126500942,151.252545607634,289.095628895535,194.606593111969,136.865948270015,351.464713977917,163.315300503838,150.845820608579,269.488283235809,136.870643018469,171.810010719322,127.736957873359,142.049851561149,97.1983705167465,104.36950644438,114.03429853717,133.729770568395,147.268043341205,97.7203004919525,200.739191031904,2572.42758889706,157.197259524962,202.912590976722,255.031268641822,134.151668877453,136.862410741742,242.070096113912,174.775864840066,99.8028313533768,170.403846363549,148.2909526306,136.149801325826,131.054869139301,219.846592814549,160.28056941934,147.546222608283,231.284744003944,150.537270723029,179.879617133704
cvsX.Ho165.Di_clust,97.2430991305344,148.643601055132,112.935102876276,209.175982632257,104.617703750351,188.271632040475,137.592482625184,118.351216901524,220.890228380116,215.941874739836,116.497278599064,177.348644961589,161.287717412979,105.764396586541,115.455693038131,186.710446497209,219.123737368824,125.437029128103,150.582024557053,189.938914045861,205.171316094938,101.984801768326,158.731264774581,121.465472032725,78.6281552500976,125.192068979271,117.608396022711,96.3942311751604,50.9586849628138,138.074739462325,143.983451401311,113.122695756642,122.860962178365,148.873645457304,117.200858310122,90.3248631808041,112.969004651555,91.1937178854196,98.2476752841478,140.166672781564,141.439847921094,133.970634933744
cvsX.Er166.Di_clust,64.3281478781624,150.468395604897,112.789318035843,119.461447971145,74.7172124059225,147.69949943298,116.163674174372,74.3042877799149,136.331482928948,83.5854886929048,64.454573009453,113.761561827972,81.2393327398711,98.9106447758732,88.1476469193999,125.247672332166,96.6468759381703,104.486211976633,123.817153711398,121.135888766041,118.127639041213,87.3021829942012,148.610555486083,93.3347122097307,75.3921182105256,108.435208734867,114.933925110451,121.916329380584,87.4042994359798,111.972356834948,101.577031136751,73.6008259199747,165.480392006447,111.464626698033,103.973211617696,86.0988162596476,161.148487261191,132.425833686571,110.327752338021,151.648255710078,115.071216475155,228.368097227595
cvsX.Er167.Di_clust,269.338077617179,912.026936705373,398.760562421895,234.222138266126,470.829961779728,1035.59850513184,313.992735123359,376.30079785154,1437.6570549943,275.593549779187,326.113864260839,2211.76856563821,391.468736647062,538.414307685779,277.760872175669,314.760576457986,180.867868931088,267.90468007242,303.185021481733,267.659784837568,253.383812571487,124.867499551514,654.659526470563,6069.91160118289,158.050811871252,679.444483177813,308.789784133748,247.127032470603,172.088587675971,822.366502563955,359.513814680439,166.264952181918,538.247644873509,301.745945366593,217.500070739345,242.578053048153,1155.43612103704,464.989508254108,194.997320092915,296.394344271874,521.860627311509,281.047965311627
cvsX.Er168.Di_clust,145.033986073922,471.580437010802,606.972889975851,148.549506058429,107.622612679498,310.788670607355,249.649402763398,145.559943020496,417.647756381544,1067.13124343181,121.532537576237,274.400360223338,487.341261237101,243.057367922145,156.331995959073,645.029387898586,1158.56597842593,9260.85789477747,188.142393660374,543.4765614475,268.024450794431,120.962912990407,432.784158822373,120.920399825742,258.665263198111,363.449728902335,261.039469043255,175.731445993811,189.981584798203,242.609215082201,210.009792797564,180.975154677042,285.43850980284,370.086470521775,473.024010616806,204.341964406593,366.869614742094,355.333759542243,113.309408236945,276.483618123603,221.87099116718,244.848292650828
cvsX.Tm169.Di_clust,101.712289844693,153.859283387426,175.314612632399,209.748706313944,116.548485310486,234.074423732585,142.936096229788,92.4422218175549,164.276225065461,179.90538498924,67.9607814692416,260.308853033798,212.452477356781,168.283135224796,69.2521342637231,261.043149861701,303.916731581061,496.834611882444,125.816295975414,297.609097007893,193.286553363206,118.954246924225,320.935349891273,148.121569687972,102.198751117825,197.942687197529,296.617556478303,178.698640436154,77.1954191321893,133.202030082094,129.231986123418,81.2841816905234,137.568830984279,188.741151645908,298.86473729438,134.851385453272,149.497370395802,129.097433324943,110.220930722723,184.504761934144,269.710628763246,360.263451966322
cvsX.Er170.Di_clust,100.477086206201,145.47040219579,110.5345732523,194.659557889264,79.5247396474061,133.248571674716,123.5144189957,91.6528458012194,151.246372288289,121.254800738571,65.5417458062717,200.369875283678,142.882647435136,148.93323407353,80.5203409104722,135.795058097861,125.394980193843,125.182992816318,103.670951107397,146.775681551171,131.222952055947,73.8699705793198,201.311418175327,122.357280190728,53.548731114247,198.399842986586,180.772300077124,198.21084118624,97.9477714663859,177.834517095755,108.415945026772,69.4150589070485,111.43473759864,140.113786305366,97.0627466471679,81.8040498368521,165.495982588894,115.652838078733,92.2323060058488,135.053502331349,98.2570173651793,109.163631251541
cvsX.Yb171.Di_clust,86.1949107677474,90.2085501815762,79.3968490612529,56.2581610831823,112.05870536312,107.827417529631,56.4750375248235,114.238208207285,118.596854780865,68.9053941709667,121.935378247532,115.535267832528,128.945667765889,88.3510649152589,128.406610825872,151.438736014521,144.654121467281,67.8330317361365,65.0309950565548,106.659987550965,82.057728474311,88.1600820987542,133.23636046116,87.3121097255745,83.8168841689278,142.790543184169,126.440639716604,69.3515772571201,87.6483503901486,127.93688711023,122.149103427155,114.322259845882,102.424221582703,99.9109969883637,145.07547296135,116.519692618878,81.8489990992827,97.567553900376,178.538050011816,115.516666579933,133.864788084036,109.003926661596
cvsX.Yb172.Di_clust,143.654129767516,294.616377048392,248.264587486338,124.435806910939,197.687943159578,371.543599245843,170.240164611812,206.963510353519,455.016308727993,185.019511593166,154.462563381917,395.185721979707,385.268480499762,323.38337695773,317.4580616035,661.63651155363,401.319246504036,177.135948865777,97.1593864256121,321.554571708903,333.331908192746,158.884714482172,1869.89405876357,167.989423283899,194.821148245164,435.200466242584,236.512835424833,194.807937938934,135.275646539197,598.835092262902,457.620652256556,132.79215116358,282.772075287895,257.784263918491,226.467356422097,178.85002667595,253.181624143251,198.388759430007,349.053813617235,724.838035739969,317.712723916552,272.957632583741
cvsX.Yb173.Di,179.765728380585,289.923493101094,191.712026236402,579.641429960558,179.543008065872,112.403323068184,362.73061275191,392.510682458403,168.152155849897,599.489896457571,341.664938896554,171.300699681619,267.025789957831,275.990409367043,182.577107410906,129.885473125941,201.338761664067,286.33282388336,248.373024573503,162.747868208125,135.094468606255,140.412428973614,112.468987142003,83.7056831361582,134.461083329412,171.260617329927,95.7293618985285,316.676513441388,109.994304882249,95.9587252081568,242.76049825352,193.439489812632,119.712979505888,107.09934203187,106.269026341558,163.328069551002,201.608260124248,98.187229793342,354.805771078044,108.198157748847,260.106796130425,440.039432824762
cvsX.Yb174.Di_clust,104.42066837005,384.290163285568,196.950263976869,312.299202936899,217.262135405059,793.273039866022,133.492042514278,169.810662345173,714.854885567276,169.304354334424,243.042679025254,598.148638000475,228.989357323419,254.781921303839,226.154266892031,303.24473195263,203.704121441306,156.809020728317,251.420170149284,293.795821928426,179.859272186629,75.2133559567363,488.911324516552,192.415156714261,139.212625610497,446.145369426864,440.439883792645,680.207716164616,109.167858772803,355.655546013676,284.94565712141,71.6792614767956,217.873267022634,277.462306898362,280.180631904852,164.641679014824,321.615965360388,300.71245431155,139.367542690857,510.386894988572,304.670977561417,424.50522427289
cvsX.Lu175.Di_clust,62.2887648970138,95.9203155900648,112.432932313621,101.416130001786,68.131347832931,91.5670245460139,72.5249235403261,62.1071458507363,89.2619793681075,97.5091818786946,43.8742268133565,95.1538026343057,91.8266592022341,70.5087525219568,52.7946071725249,89.5269554664148,97.2442622427005,95.3388364058646,69.4965758706401,89.0825759458689,79.0257212188824,51.0968290594779,107.84061747601,100.221362945506,60.8046331516519,109.821726158925,104.124098351612,135.329318268547,56.0308009192722,102.142470123127,87.7519120142453,57.4525406476831,102.550264289703,100.153997019341,101.78972113487,60.8587597149715,106.158962270773,98.2710750886464,75.587255684582,109.63667823761,116.50285495014,99.8772599588705
cvsX.Lu176.Di_clust,159.029128152865,176.093039754331,131.424745310084,264.637630596472,129.159852308556,247.57536602312,111.313509884865,133.187020180234,273.160398320467,294.956576310778,147.300242936407,255.969402171179,234.63669936322,196.495255831541,125.445162109951,236.029998652256,271.983752655035,152.112550665569,279.087923115868,223.094659895545,183.41320689107,145.742326446142,200.938675608124,192.104146289955,125.788799198596,160.10027948324,180.863713679812,124.620452160308,98.9623365238038,160.443751335015,196.491852625704,111.142491456995,148.030035963299,128.900487243195,106.950120789009,128.052508544684,178.141401003672,173.331900059781,153.421898415391,125.890319272016,210.831148219462,133.060585006
cvsX.Ir191.Di,9.27463182171794,6.3226364132204,7.98765533005259,4.1795437429306,10.742909121567,12.368963770527,4.46356182957301,10.9120510418625,16.1313487414133,6.84821394984225,8.81971081031514,17.2169920184029,10.8870645246461,11.4783254470247,15.2316079083251,16.2582320695444,13.4433688234804,8.23113679455032,5.8592107875862,14.7496337551435,8.28007530057126,6.57369742647728,5.78463416929061,7.05751159987943,12.1105538198422,9.92586866444788,7.63401523918145,8.51605955297881,9.86569210815727,10.7534480929165,8.44793040474739,11.8277514152601,14.6710103114843,9.24979246473052,8.67299557291862,11.3702514825863,14.4398345928743,10.7732225685818,17.2005791758263,15.068466748134,13.6293806327279,9.46237372739771
cvsX.Ir193.Di,7.50599744575619,5.44780068998416,6.04219673105087,3.17756943432254,10.0547452529599,10.1849674775731,6.1046740288328,9.37233201838487,12.5478270119386,5.24560953095512,7.23161883258843,13.0810502022776,9.12001334739191,8.3698214041151,12.8968368787759,11.9364001801229,10.0491796318946,6.52636230395297,4.26099378015896,11.6564967134991,5.8711112696897,4.6385256673216,4.97813886459298,4.46180958214851,9.38984434258288,8.15881045849713,6.74169963762918,4.63223449231436,8.00374709884086,8.19956175901773,7.77082466927996,8.93554562454574,11.7092016488113,8.18394504271228,7.25918060693457,9.78001984528131,11.3443487211328,11.1222374286872,10.9654797453407,10.3925269622749,9.53324229769283,7.78261338170925
cvsFileNum,34.2625422065231,34.7908765021392,34.9636836667509,30.575693436086,26.8357969986238,34.0344253763796,33.0618311592645,30.8932312376597,33.7267220739959,27.5523738964614,30.9066708980541,32.4789893441363,32.6443149680458,31.2489175553519,23.9538355994585,32.4615689993505,32.5590409175429,31.8782342674947,32.9174787543075,34.1760573607917,33.1150965672888,33.7672233977245,33.6158759754517,36.2960554210767,34.8237081028619,34.4014444973342,34.8571448377909,34.245765409888,36.5014198040767,34.6574234971792,34.5754538716944,37.3769695852079,33.2068007602112,35.349634794484,33.5761229564481,33.5101262203887,32.629584011585,34.4958070302393,33.6156972456127,34.9011407949778,34.6578166138837,33.3629434136596
cvsdensity,0.00191709862378116,0.0265060720552817,0.0417438579790028,0,0.0566345459084944,0.0204674721772001,0,0.00605940185093272,0.0403417897149101,0.00501336912840195,0.000685039787892582,0.00681764505741062,0.0029932951608553,0.00125625845410993,0.00458874574543734,0.00305392501786105,0.0028564969797115,0.00018689589396824,0.00228093708683749,0.00976431331059532,0.000309766806452418,0,0.00169834687022899,0.000676892175501242,0.000828164363642096,0.0187369935636521,0.0058742098145336,0,0.00237802789795521,0.00760397292005582,0.00928006097636369,0,0.00336383012257815,0,0,0.00184497969730498,0.0077259140107847,0.00406102179804543,0.00416684632113821,0.00476006397011146,0.0197551134386501,0.00419302175089886
percenttotal,0.429745889387145,1.25689263704184,0.371818706327329,0.29887482419128,0.230563497187125,5.39297658862876,0.215435306044861,0.50686116948943,4.4670554659387,0.822285618392348,0.361315187281705,8.52280109133429,3.90171459430269,0.965406275140788,0.354412434813427,9.74792878547506,2.7489515413108,1.0901558922926,0.179239401496259,6.29523906616373,1.38806601777402,0.19614253023864,3.28504386859825,0.216723857684667,0.309815518940994,1.60944206008584,0.968002151115891,0.403859098048014,0.369549150036955,3.01489284417,1.8452380952381,0.153865880241057,0.564006152794394,1.21739130434783,0.754257907542579,0.351550015979546,0.301732528713257,0.609756097560976,0.129302382858198,0.501910255449846,0.346111147391106,0.371463948947519
