"name","BPD19H00_BB078_CD3-CD8+.fcs.density.fcs.cluster.fcs.anno.Rsave","BPD19H00_BB231_CD3-CD8+.fcs.density.fcs.cluster.fcs.anno.Rsave","BPD19H00_BC641_CD3-CD8+.fcs.density.fcs.cluster.fcs.anno.Rsave","BPD19H00_BD620_CD3-CD8+.fcs.density.fcs.cluster.fcs.anno.Rsave","PBD00H00_BB078_CD3-CD8+.fcs.density.fcs.cluster.fcs.anno.Rsave","PBD00H00_BB231_CD3-CD8+.fcs.density.fcs.cluster.fcs.anno.Rsave","PBD00H00_BD620_CD3-CD8+.fcs.density.fcs.cluster.fcs.anno.Rsave","PBD00H03_BB078_CD3-CD8+.fcs.density.fcs.cluster.fcs.anno.Rsave","PBD00H03_BB231_CD3-CD8+.fcs.density.fcs.cluster.fcs.anno.Rsave","PBD00H03_BC641_CD3-CD8+.fcs.density.fcs.cluster.fcs.anno.Rsave","PBD00H06_BB078_CD3-CD8+.fcs.density.fcs.cluster.fcs.anno.Rsave","PBD00H06_BB231_CD3-CD8+.fcs.density.fcs.cluster.fcs.anno.Rsave","PBD00H06_BC641_CD3-CD8+.fcs.density.fcs.cluster.fcs.anno.Rsave","PBD00H06_BD620_CD3-CD8+.fcs.density.fcs.cluster.fcs.anno.Rsave","PBD01H00_BB078_CD3-CD8+.fcs.density.fcs.cluster.fcs.anno.Rsave","PBD01H00_BB231_CD3-CD8+.fcs.density.fcs.cluster.fcs.anno.Rsave","PBD01H00_BC641_CD3-CD8+.fcs.density.fcs.cluster.fcs.anno.Rsave","PBD01H00_BD620_CD3-CD8+.fcs.density.fcs.cluster.fcs.anno.Rsave","PBD03H00_BB078_CD3-CD8+.fcs.density.fcs.cluster.fcs.anno.Rsave","PBD03H00_BB231_CD3-CD8+.fcs.density.fcs.cluster.fcs.anno.Rsave","PBD03H00_BD620_CD3-CD8+.fcs.density.fcs.cluster.fcs.anno.Rsave","PPD00H00_BB078_CD3-CD8+.fcs.density.fcs.cluster.fcs.anno.Rsave","PPD00H00_BB231_CD3-CD8+.fcs.density.fcs.cluster.fcs.anno.Rsave","PPD00H00_BD620_CD3-CD8+.fcs.density.fcs.cluster.fcs.anno.Rsave","PPD00H03_BB078_CD3-CD8+.fcs.density.fcs.cluster.fcs.anno.Rsave","PPD00H03_BB231_CD3-CD8+.fcs.density.fcs.cluster.fcs.anno.Rsave","PPD00H03_BC641_CD3-CD8+.fcs.density.fcs.cluster.fcs.anno.Rsave","PPD00H03_BD620_CD3-CD8+.fcs.density.fcs.cluster.fcs.anno.Rsave","PPD00H06_BB078_CD3-CD8+.fcs.density.fcs.cluster.fcs.anno.Rsave","PPD00H06_BB231_CD3-CD8+.fcs.density.fcs.cluster.fcs.anno.Rsave","PPD00H06_BC641_CD3-CD8+.fcs.density.fcs.cluster.fcs.anno.Rsave","PPD01H00_BB078_CD3-CD8+.fcs.density.fcs.cluster.fcs.anno.Rsave","PPD01H00_BB231_CD3-CD8+.fcs.density.fcs.cluster.fcs.anno.Rsave","PPD01H00_BC641_CD3-CD8+.fcs.density.fcs.cluster.fcs.anno.Rsave","PPD01H00_BD620_CD3-CD8+.fcs.density.fcs.cluster.fcs.anno.Rsave","PPD03H00_BB078_CD3-CD8+.fcs.density.fcs.cluster.fcs.anno.Rsave","PPD03H00_BB231_CD3-CD8+.fcs.density.fcs.cluster.fcs.anno.Rsave","PPD03H00_BC641_CD3-CD8+.fcs.density.fcs.cluster.fcs.anno.Rsave","PPD14H00_BB078_CD3-CD8+.fcs.density.fcs.cluster.fcs.anno.Rsave","PPD14H00_BB231_CD3-CD8+.fcs.density.fcs.cluster.fcs.anno.Rsave","PPD14H00_BC641_CD3-CD8+.fcs.density.fcs.cluster.fcs.anno.Rsave","PPD14H00_BD620_CD3-CD8+.fcs.density.fcs.cluster.fcs.anno.Rsave"
1,0.682022631168365,0.696960091590881,-0.498626172542572,0.927745580673218,0.854517221450806,0.86202073097229,0.270427197217941,0.751746267080307,-0.485642164945602,1.58146899938583,0.66817569732666,-0.844477832317352,1.09931372106075,-0.103948429226875,0.843041896820068,1.19925770163536,0.566605351865292,0.515819519758224,0.673427551984787,0.19462163746357,0.909074455499649,0.56638514995575,0.334583334624767,0.0280918050557375,0.854017019271851,1.25480163097382,-0.176513493061066,1.35929548740387,0.230460286140442,-0.0483369156718254,0.677078068256378,1.98794490098953,1.41794157028198,NA,0.000414567068219185,0.751276075839996,2.14697289466858,0.796546131372452,0.989488244056702,0.847128927707672,2.95549488067627,2.95015573501587
2,-0.0651512444019318,-0.0930882021784782,-0.224617674946785,0.459624022245407,-0.0154524622485042,0.0648794993758202,-0.0227251853793859,-0.0347582616377622,-0.173610284924507,0.27314555644989,-0.0794384106993675,-0.271354794502258,3.12880435585976,-0.0761680379509926,0.347391784191132,-0.153270345181227,-0.179621428251266,0.0608170442283154,0.506030678749084,-0.089638739824295,-0.0917173661291599,0.106160823255777,-0.230992928147316,-0.0676275044679642,0.297415226697922,-0.182072758674622,-0.152783170342445,-0.41901171207428,0.809637188911438,-0.380929201841354,4.56383562088013,-0.04009610414505,0.0236752424389124,-0.0515867061913013,0.346613973379135,0.328965723514557,-0.198270291090012,0.404188066720963,0.0967814922332764,-0.242083989083767,-0.258017167448997,-0.140204101800919
3,0.180792301893234,-0.273412495851517,-0.16695162653923,-0.0652425903826952,0.370117336511612,0.507667660713196,0.684872388839722,0.0962552987039089,-0.17069349437952,-0.00466051534749568,0.821292579174042,0.344102293252945,-0.066441498696804,-0.287014104425907,0.0289578456431627,-0.154424324631691,-0.109734520316124,0.256279498338699,0.0885114595293999,-0.137602686882019,-0.0398842953145504,0.176575407385826,-0.186764344573021,-0.0758780464529991,-0.361914485692978,0.229387909173965,1.38025593757629,NA,2.91425797343254,NA,4.14689636230469,0.591104105114937,-0.219760447740555,2.31686919927597,-0.505528971552849,0.340770870447159,-0.287298336625099,0.397305071353912,-0.270497471094131,0.086328387260437,-0.219914749264717,-0.0738441571593285
4,4.83578395843506,4.6512279510498,3.47143650054932,6.26870441436768,1.55889523029327,2.28247657418251,2.60403943061829,1.74377226829529,2.19533026218414,2.12739682197571,NA,0.618255019187927,2.71213412284851,3.00987195968628,3.18813276290894,2.79249477386475,1.58935654163361,4.48220777511597,3.17129015922546,2.47460007667542,4.9225161075592,3.24871873855591,4.44844150543213,1.31707859039307,5.85359835624695,6.15582418441772,3.60865616798401,6.59610939025879,4.80114722251892,2.7428058385849,3.7754168510437,5.79559421539307,4.15456604957581,3.43266022205353,5.75978326797485,4.14835429191589,3.0076858997345,2.98009085655212,2.93089485168457,5.80133152008057,1.87695789337158,1.6459424495697
5,0.70619523525238,-0.219819694757462,0.198692061007023,-0.164844840764999,0.774165153503418,-0.22937835007906,-0.302148759365082,0.121948897838593,-0.158218547701836,-0.207830250263214,0.644014477729797,-0.372026026248932,-0.368050828576088,-0.0753319156356156,0.503885865211487,-0.0173246785998344,-0.369351267814636,-0.295807257294655,0.444971114397049,-0.16546643525362,0.0510884746909142,0.0420213863253593,-0.472070246934891,-0.116013318300247,0.488376542925835,-0.471615672111511,-0.355447728186846,NA,NA,-0.0570785142481327,2.46410100162029,0.798555195331573,-0.205965429544449,-0.247950941324234,-0.0898544415831566,0.236064158380032,-0.181920439004898,-0.508080363273621,0.270011514425278,0.278131514787674,-0.0777148306369781,-0.204502925276756
6,0.541680604219437,0.480805091559887,0.670816898345947,0.916099011898041,0.414970517158508,0.0867225825786591,0.453192055225372,0.638762682676315,2.89909625053406,0.282856978476048,NA,1.25401484966278,NA,3.52882289886475,0.324383959174156,1.69471603631973,7.98215359076858,1.32956492900848,0.728536069393158,1.93210208415985,-0.00444160820916295,0.490555346012115,1.41619789600372,0.392134547233582,3.18764019012451,NA,1.01169238239527,0.137058034539223,1.81359398365021,3.73483562469482,NA,0.787246316671371,0.174603637307882,0.776229977607727,-0.467415153980255,0.764338195323944,2.22352647781372,NA,0.43775936961174,0.682057440280914,-0.56884291768074,0.200658708810806
7,0.561599060893059,-0.038009587675333,0.26888319849968,0.641793727874756,0.199971973896027,-0.232324510812759,0.276115924119949,0.0139935314655304,-0.0756043717265129,0.767476201057434,0.535664618015289,-0.200143411755562,-0.10377100482583,0.215366095304489,1.1931676864624,0.249171257019043,0.0247401054948568,-0.303661331534386,0.202793046832085,-0.0518849045038223,0.0972795998677611,0.382754415273666,-0.382897034287453,0.128759667277336,0.437221348285675,0.0685530453920364,0.529855936765671,-0.196558177471161,0.417843997478485,-0.0285198395140469,-0.133715003728867,-0.217626988887787,0.333147585391998,1.18757390975952,-0.124060943722725,0.502900376915932,0.0134933581575751,-0.0825517103075981,0.432001546025276,-0.0368684958666563,-0.171245932579041,-0.0550608728080988
8,0.547247648239136,0.542426437139511,0.659956395626068,-0.0473224669694901,0.877325713634491,0.67878545820713,3.84419536590576,0.738966464996338,0.483373671770096,-0.0143625291530043,1.53595889732242,NA,0.959586767014116,NA,0.72990494966507,-0.0590114444494247,-0.144404638092965,NA,0.745751082897186,-0.0482674278318882,1.5195015668869,0.902877271175385,NA,NA,0.814800977706909,NA,0.482780009508133,NA,0.828472971916199,NA,NA,0.593336537480354,NA,-0.121496975421906,10.9827580451965,0.382731974124908,0.670640528202057,NA,0.671546697616577,0.237759798765182,0.157636269927025,-0.557808518409729
9,2.97887444496155,3.8134069442749,1.90820980072021,4.10160255432129,2.26304745674133,2.27092719078064,2.44087100028992,2.42803359031677,1.7907081246376,0.989612847566605,2.37571036815643,1.91559892892838,2.14830994606018,2.33699655532837,2.84948658943176,2.08109211921692,1.29927134513855,2.18742942810059,2.45895314216614,2.0442271232605,2.20483899116516,2.8857319355011,1.95001244544983,1.86790770292282,3.9211323261261,5.38369488716125,1.55807483196259,2.85484874248505,3.8404369354248,2.27771735191345,7.57274866104126,5.96936202049255,4.6476583480835,4.68507874011993,2.80410504341125,2.73593485355377,1.77991765737534,2.55549764633179,1.62407231330872,NA,3.74162983894348,0.623063266277313
10,0.17690996825695,0.614714235067368,-0.0481590423732996,0.256880551576614,0.217115789651871,0.0962323322892189,0.476292163133621,0.723502308130264,0.439250692725182,-0.309336364269257,0.574038088321686,0.746849596500397,0.341410793364048,0.408390879631042,0.257144436240196,1.37689137458801,-0.206128738820553,0.075642317533493,0.318967700004578,-0.0324261535424739,0.105995029211044,0.475339382886887,0.472505390644073,0.286273017525673,0.115312092006207,0.563576519489288,-0.181099630892277,0.181989997625351,0.46896967291832,1.24419784545898,2.75129282474518,-0.165555588901043,-0.335867673158646,-0.404100231826305,-0.143452644348145,0.291367821395397,-0.217371694743633,0.13172921538353,-0.0716265439987183,-0.061031699180603,0.273253493010998,-0.161607131361961
11,0.586099743843079,0.607567459344864,1.41743420064449,0.979083359241486,0.647249490022659,0.452647402882576,0.441264435648918,0.842015504837036,0.20959248393774,0.422489777207375,0.867971241474152,0.239963158965111,1.4072653055191,0.279178202152252,0.668851375579834,0.691514104604721,1.32590806484222,1.23298621177673,0.704200148582458,0.647666156291962,0.74365097284317,0.91518235206604,0.907578110694885,0.42985463142395,0.306975834071636,NA,NA,-0.813672959804535,1.08667886257172,0.574103116989136,0.513367056846619,5.90651321411133,NA,NA,-0.543254032731056,1.3221156001091,-0.40450706332922,NA,1.14723742008209,1.47412121295929,NA,NA
12,4.30574512481689,4.27211284637451,3.2972514629364,2.50198924541473,1.61214202642441,1.48283565044403,4.60989665985107,4.18232917785645,1.86536550521851,1.29505240917206,3.95056343078613,NA,2.12011802196503,3.27182817459106,3.74898028373718,3.14159739017487,2.15384602546692,3.87305808067322,2.76149189472198,2.6355447769165,3.75653982162476,3.59744369983673,3.38468933105469,6.40791177749634,3.50391149520874,3.07593441009521,0.625375151634216,3.57449841499329,5.12768268585205,NA,3.69051587581635,3.65473246574402,NA,3.94867169857025,3.58668971061707,4.29346466064453,NA,0.146421521902084,3.1535005569458,4.66795301437378,2.42463010549545,4.03265631198883
13,0.989367127418518,-0.129985451698303,-0.865769922733307,1.44022625684738,0.681552052497864,0.701068937778473,0.838648438453674,1.00564152002335,0.0018065869808197,1.67943090386689,0.471525728702545,0.492390424013138,0.224821776151657,4.02757829427719,0.879931062459946,-0.245375409722328,NA,NA,0.692505300045013,0.0984730571508408,-0.288249224424362,0.74433958530426,1.45138764381409,1.15942776203156,0.897756338119507,-0.126500295475125,-0.273455612361431,NA,1.28893840312958,0.858706653118134,-0.533565044403076,NA,NA,NA,NA,1.24890899658203,0.755290806293488,-0.306784063577652,0.606254577636719,0.31915707886219,NA,NA
14,4.09645414352417,2.88365864753723,0.063472718000412,0.359129346907139,1.45711994171143,0.409366756677628,1.81150537729263,1.85478401184082,0.65897935628891,3.01359105110168,8.586181640625,NA,NA,NA,2.21239101886749,NA,0.426156908273697,-0.150492832064629,0.955668359994888,2.83461880683899,2.12280980497599,0.838232308626175,NA,3.39330673217773,NA,NA,NA,NA,0.178157970309258,NA,NA,NA,-0.0672598779201508,NA,NA,0.368864208459854,0.86450183391571,0.578848972916603,1.03641891479492,0.761114120483398,-0.41681894659996,2.04862546920776
15,4.74693393707275,3.66683006286621,4.46028411388397,3.95951616764069,3.01849889755249,3.20151746273041,3.52846741676331,4.20559644699097,2.8200261592865,1.74204421043396,3.99657678604126,1.97651720046997,3.32824504375458,2.45323240756989,3.58703780174255,2.72302484512329,1.72837603092194,3.84718084335327,2.58444118499756,2.41726398468018,3.90736269950867,4.8650484085083,3.96143770217896,4.01183068752289,3.78085577487946,3.65227329730988,8.34062957763672,3.06309485435486,4.21464478969574,4.6486988067627,3.54852366447449,7.17503643035889,NA,2.83492851257324,3.93234717845917,4.6228461265564,4.29223144054413,2.33764958381653,7.44586873054504,1.31447237730026,4.94472074508667,4.00419986248016
16,0.509993106126785,0.379933685064316,-0.171245738863945,2.46920925378799,0.244133576750755,-0.0816073641180992,0.467013970017433,0.468414634466171,0.0308333858847618,0.160950258374214,0.421673476696014,-0.274041414260864,0.648865282535553,-0.15433344244957,0.464166074991226,0.111886415630579,NA,-0.50330924987793,0.10541757196188,-0.0280946465209126,0.144579961895943,-0.0253432206809521,0.100417222827673,-0.0815917141735554,-0.165191829204559,0.876489067450166,-0.0754428878426552,1.15011167526245,0.848142892122269,0.523255854845047,3.92456960678101,-0.422506093978882,NA,0.980980575084686,NA,0.950010240077972,0.23494456615299,-0.230131074786186,0.672382235527039,-0.349202632904053,1.49520456790924,-0.741119384765625
17,3.13398265838623,4.11597776412964,3.22955727577209,3.19953775405884,2.83483648300171,2.54128158092499,3.11162745952606,2.94261789321899,1.58007717132568,1.00387784838676,2.98587584495544,1.60910952091217,1.96544414758682,2.57642471790314,2.8988424539566,2.06937527656555,1.27457964420319,2.40437626838684,2.3880558013916,1.95471203327179,2.91336154937744,3.94884967803955,2.8377457857132,2.44232892990112,4.71903514862061,5.17949342727661,2.02285748720169,3.53991520404816,4.27295970916748,4.34398484230042,3.18548369407654,2.9809205532074,9.46660327911377,3.83897078037262,4.16703319549561,4.66351079940796,2.71623265743256,5.23380923271179,4.58551168441772,4.58049154281616,0.720805212855339,3.70779693126678
18,0.258945226669312,0.524779498577118,NA,2.46667098999023,0.7044997215271,0.972722291946411,0.841986238956451,0.82320761680603,0.0837354362010956,0.218252405524254,0.827090859413147,NA,NA,NA,0.856191188097,-0.304204255342484,NA,NA,0.570868313312531,0.912111163139343,1.02100771665573,0.608971536159515,NA,NA,0.3845055103302,NA,NA,NA,0.775858461856842,1.18018794059753,NA,1.54127252101898,NA,NA,NA,0.78224766254425,-0.0565524473786354,7.48054265975952,0.493778556585312,-0.221241116523743,NA,NA
19,3.70123076438904,3.03760361671448,4.09790945053101,4.57191181182861,3.10180902481079,2.72018575668335,3.02025866508484,3.01157999038696,1.87865746021271,1.64025330543518,2.94886136054993,2.49457240104675,1.9780969619751,2.73507046699524,3.08965969085693,2.73328638076782,1.99421918392181,3.19761848449707,2.41256332397461,2.36613321304321,3.48938739299774,2.12476402521133,4.9722843170166,2.8067079782486,3.74755644798279,6.47971153259277,1.76779544353485,4.22317600250244,4.09377241134644,4.80388498306274,2.71731805801392,3.99178946018219,NA,5.08932399749756,2.03846311569214,2.97610187530518,4.91900730133057,4.99423974752426,3.77272319793701,4.66390386410058,5.12146306037903,3.69842517375946
20,4.35804677009583,3.07982897758484,3.87706780433655,5.19064426422119,3.11093652248383,2.8158540725708,3.8499139547348,3.53359985351562,3.26035308837891,1.98208403587341,3.21173405647278,2.57104790210724,2.67136204242706,3.215176820755,3.03100204467773,2.40637540817261,2.03479659557343,3.43645405769348,2.85927581787109,2.60549020767212,3.15020298957825,4.43209028244019,3.94853663444519,2.51635217666626,4.98944664001465,2.99572420120239,3.90673732757568,4.67975091934204,4.62787055969238,4.04212367534637,5.29133677482605,4.73034143447876,-0.813364863395691,3.40304899215698,2.72184276580811,4.5575795173645,3.48336596600711,1.77093636989594,5.70862674713135,15.4437732696533,3.71116805076599,2.91814780235291
21,0.466734945774078,0.0092838320415467,0.286345064640045,-0.0794745236635208,0.139678994193673,0.642657041549683,-0.262080013751984,0.885823965072632,1.03266978263855,1.93299291282892,NA,NA,NA,-0.774293780326843,0.870922446250916,NA,-0.0549425445497036,0.264363974332809,0.45140016078949,-0.286771446466446,0.468977153301239,0.530409395694733,5.5846586227417,1.96103912591934,0.910772740840912,NA,-0.544888973236084,NA,2.54961067438126,NA,NA,0.581576108932495,NA,NA,-0.969229161739349,0.562514960765839,0.418791890144348,-0.794401705265045,0.21347089111805,-0.524359062314034,0.595916211605072,0.553040690720081
22,3.47263169288635,4.7401123046875,3.99347901344299,6.96054553985596,4.35439872741699,3.91466569900513,3.43744611740112,3.48995304107666,2.92244577407837,1.73336589336395,4.41827630996704,3.08511686325073,3.12145137786865,3.87800753116608,3.95869314670563,3.45330286026001,2.29845547676086,4.63842821121216,3.22054982185364,4.20486259460449,4.2031569480896,3.56630349159241,2.55562806129456,4.32339453697205,5.61610460281372,4.70211410522461,4.67522239685059,5.85663175582886,4.84870910644531,6.6043553352356,5.41327452659607,6.48813843727112,3.89195919036865,7.00496864318848,6.90529298782349,5.64082098007202,4.82305860519409,4.08966684341431,4.78976917266846,8.1972713470459,3.07711362838745,5.13617420196533
23,0.14810099452734,0.777466624975204,0.260000944137573,4.07028198242188,0.685474663972855,0.461782842874527,0.123376086354256,0.528694033622742,-0.208580292761326,0.677144408226013,3.44642436504364,-0.467349618673325,0.571690380573273,-0.382017135620117,0.611290037631989,-0.0127156330272555,0.0386292838957161,0.704226940870285,0.837056815624237,-0.0143901668488979,0.0465011354535818,1.09556970000267,0.0786913707852364,0.145671983016655,3.08416557312012,2.21469116210938,0.185183063149452,NA,-0.345190107822418,-0.299632549285889,-0.35595965385437,0.116913147270679,-0.713694900274277,NA,0.203800074756145,0.670579254627228,1.03539690375328,1.10538983345032,0.313876733183861,1.33022034168243,-0.101582203060389,-0.0626603402197361
24,4.93862390518188,9.32763862609863,5.64305663108826,6.34978675842285,5.31827211380005,4.29740488529205,4.96754717826843,4.13470363616943,3.2600531578064,3.0102424621582,3.9307861328125,9.11729383468628,5.10322856903076,4.2775092124939,4.95278120040894,3.77012729644775,2.99685072898865,5.28157806396484,3.17021203041077,3.18268895149231,4.30824565887451,7.05696630477905,5.0269570350647,NA,8.87416648864746,NA,NA,NA,7.53267121315002,8.35053253173828,3.84473490715027,8.02025151252747,5.66049349308014,5.95158338546753,3.98806405067444,8.29712772369385,NA,NA,5.07261681556702,8.7539005279541,4.83234548568726,3.99785041809082
25,3.79742646217346,2.34466600418091,1.78924965858459,2.11598122119904,2.88930714130402,1.43986129760742,0.926582552492619,3.15161967277527,1.29722487926483,0.717254787683487,3.42653894424438,1.10630136728287,1.72504329681396,1.68963211774826,3.15931224822998,1.60451585054398,0.929955244064331,2.18662786483765,1.55742204189301,1.50225245952606,1.87787008285522,2.35005521774292,2.92248558998108,1.86468976736069,4.0241471529007,1.93623644113541,2.55060243606567,1.61217606067657,4.34247326850891,3.01264417171478,3.09449553489685,3.56537055969238,8.00754022598267,2.93853878974915,3.52817177772522,3.72354936599731,1.84668982028961,1.40675258636475,3.58777046203613,1.00744807720184,2.33499479293823,3.11997401714325
26,2.3060290813446,2.94358944892883,1.79467403888702,1.47807294130325,1.85289537906647,1.08367514610291,1.45055723190308,2.43736600875854,1.2465255856514,1.85594063997269,3.5538330078125,1.65765357017517,1.78815245628357,1.67347013950348,2.35953712463379,2.02329444885254,1.09965622425079,1.91742479801178,3.06474339962006,1.70622664690018,1.97681623697281,1.08697462081909,0.476133733987808,1.4754114151001,1.15391927957535,1.14804023504257,1.05204772949219,1.2703549861908,1.78705054521561,0.95036393404007,1.56055998802185,2.0952262878418,1.04820966720581,2.14811497926712,1.26592588424683,2.11980438232422,1.00631475448608,1.7195525765419,1.85113149881363,0.963029742240906,1.03853416442871,1.30702263116837
27,0.573667019605637,0.859513819217682,-0.136773571372032,2.02085874974728,0.463569045066833,1.57566738128662,NA,-0.575801491737366,NA,-0.186881229281425,-0.427903562784195,NA,NA,NA,1.15023624897003,-0.188739269971848,0.930744230747223,1.39058956503868,1.46178686618805,-0.844114899635315,-0.387683719396591,0.0474929437041283,-0.128731071949005,0.522378861904144,0.0490131042897701,NA,NA,NA,4.38323020935059,NA,NA,0.102869093418121,2.83545446395874,1.24988460540771,-0.0819196701049805,0.327541813254356,-0.0999562069773674,0.15352189540863,-0.0454879328608513,-0.306616500020027,0.0310807451605797,-0.0497324708849192
28,3.33720898628235,3.82951140403748,2.96953368186951,5.00912809371948,3.37941634654999,1.92266434431076,3.25909304618835,2.72084224224091,1.67457336187363,1.74358427524567,2.25754237174988,1.67998564243317,1.85962569713593,2.5412985086441,2.93348693847656,2.25798845291138,1.67373794317245,3.03919386863708,2.58393287658691,1.84484791755676,2.54630696773529,3.52200889587402,2.24371373653412,3.62513220310211,2.33063971996307,3.13959693908691,3.68833351135254,1.81405687332153,2.70300674438477,2.1694216132164,2.42156028747559,3.89180064201355,5.30021667480469,2.4430980682373,3.95975279808044,3.69555997848511,1.13490343093872,1.19257044792175,2.25021922588348,1.9308454990387,2.16916298866272,2.71358251571655
29,3.12446784973145,2.0707094669342,2.78400325775146,3.05143213272095,1.6478099822998,1.090083360672,2.1114627122879,2.9067063331604,NA,1.75753474235535,3.10649299621582,NA,2.15676879882812,4.90787410736084,1.92482441663742,2.35090219974518,1.73076128959656,2.90647768974304,1.94616270065308,1.7320636510849,2.07960534095764,3.25993752479553,3.41504418849945,2.50288367271423,2.7256184220314,3.01145148277283,12.4233989715576,2.81385779380798,3.30653595924377,2.88502907752991,2.79775702953339,1.58513259887695,1.71862542629242,3.3003613948822,2.2123167514801,2.9714412689209,NA,2.96611320972443,2.79768002033234,NA,2.06238770484924,2.8111732006073
30,0.356171697378159,0.0890931487083435,0.983912408351898,0.7815982401371,0.425010204315186,-0.351578265428543,-0.673215746879578,0.0899835377931595,-0.302877590060234,-0.220396835356951,NA,1.72412836551666,NA,-0.843099355697632,0.468244656920433,0.337281290441751,0.551109448075294,2.04481887817383,0.235507391393185,-0.430578887462616,-0.463616698980331,0.614287734031677,NA,NA,0.755862045101821,NA,NA,NA,0.624698027968407,1.69925892353058,NA,0.394329995848238,1.7558434009552,NA,NA,0.594992965459824,0.392189182341099,NA,0.771330326795578,-0.181022301316261,0.326827794313431,-0.052105575799942
31,3.3840160369873,3.87566840648651,2.94823336601257,3.81700003147125,2.75827586650848,2.1098039150238,2.28556299209595,2.45492553710938,1.85856223106384,1.35206216573715,2.33645415306091,2.50484657287598,2.07783794403076,3.13673686981201,3.06676471233368,2.32709074020386,1.75152790546417,3.08587980270386,2.38135492801666,2.86904907226562,2.76632916927338,3.92425405979156,3.65097165107727,2.41727292537689,4.15254259109497,2.8696631193161,3.23701620101929,4.23412275314331,4.42733192443848,3.20083105564117,2.11560606956482,5.42130899429321,6.73137855529785,3.82246470451355,4.16182136535645,4.21494436264038,3.12025666236877,2.38617789745331,3.48643469810486,3.06299138069153,2.39326310157776,3.22495555877686
32,0.211372494697571,-0.0692636668682098,-0.0647186264395714,0.295691877603531,0.339529007673264,0.120589874684811,0.309214800596237,0.437976747751236,-0.0482844859361649,0.0265831053256989,0.423584073781967,-0.0602039210498333,-0.0807768628001213,-0.179516345262527,0.0704937130212784,0.12503682076931,0.00792103726416826,0.375249356031418,0.210796922445297,0.115729689598083,0.0609817393124104,0.129785150289536,-0.43019437789917,0.535151541233063,0.39642134308815,0.394489645957947,-0.80664050579071,0.848062008619308,0.0571383349597454,-0.42516203224659,3.06578421592712,0.567782402038574,1.54188442230225,-0.328366070985794,-0.288883045315742,0.301694303750992,0.189556611701846,0.597874209284782,0.260699599981308,0.259162567555904,-0.00402715755626559,-0.260510995984077
33,3.97837507724762,4.41552543640137,5.50259637832642,3.87415027618408,1.83151483535767,2.57446098327637,2.64680814743042,2.46051979064941,2.03979396820068,1.79118949174881,2.03494036197662,2.62119221687317,1.75791442394257,2.28001880645752,2.31390881538391,2.7535228729248,2.04569387435913,3.55361664295197,2.14143371582031,2.73967003822327,3.31641411781311,3.55856442451477,5.38685035705566,4.89949655532837,2.05957168340683,3.06014561653137,1.78177958726883,2.83197510242462,2.97885417938232,6.49073839187622,4.59242701530457,4.37084865570068,7.38993573188782,2.42331695556641,5.7108850479126,5.22924566268921,1.71967101097107,2.65837955474854,2.17462825775146,3.56285190582275,0.782148480415344,2.74923229217529
34,4.30045175552368,3.41962385177612,3.84165000915527,6.10021996498108,2.81480658054352,0.575393199920654,5.37538433074951,2.56916403770447,2.22747421264648,0.959193080663681,NA,NA,2.33666133880615,0.172885224223137,1.45185518264771,2.68009042739868,2.02829360961914,4.53678846359253,2.01157623529434,2.27899849414825,3.74778079986572,2.23064982891083,3.39901375770569,3.6926474571228,4.93441820144653,5.07113838195801,3.2685432434082,3.94258141517639,3.55527019500732,NA,2.6613233089447,2.94556427001953,5.21593856811523,2.63061118125916,3.86653661727905,3.31009542942047,6.76913738250732,5.07253456115723,2.65799355506897,NA,1.8701399564743,3.8514130115509
35,9.16654777526855,8.67310333251953,6.18574023246765,9.2914867401123,4.23625421524048,3.2046685218811,6.92849016189575,6.2709629535675,4.91898727416992,1.95413362979889,3.84852004051208,3.55631935596466,5.02517437934875,5.40414667129517,4.94477152824402,6.44237518310547,4.56111145019531,9.68874740600586,4.9433171749115,4.92862582206726,7.0691065788269,5.53307056427002,11.1200485229492,NA,6.89278554916382,NA,17.7737083435059,7.1852126121521,5.8246431350708,5.48059630393982,6.53496646881104,9.91908550262451,NA,9.57648754119873,16.6918802261353,8.77480697631836,8.08836984634399,NA,6.14476704597473,0.929222404956818,NA,16.0696487426758
36,-0.0266477838158607,-0.146123498678207,-0.0275701638311148,-0.727244079113007,0.38000300526619,-0.249632321298122,0.44145692884922,-0.0836667753756046,-0.166325017809868,-0.13315250352025,2.56673979759216,0.687457621097565,-0.00421184906736016,-0.371190220117569,0.150665897876024,0.131317459046841,-0.12151838093996,-0.0989455580711365,0.468087136745453,-0.49889925122261,-0.356505066156387,0.542738437652588,-0.140293791890144,-0.00522938556969166,-0.0038690441288054,-0.591415286064148,-0.12488380074501,-0.345815613865852,NA,NA,-0.124634996056557,0.216324388980865,0.00711510423570871,-0.392881408333778,0.322848945856094,0.516712367534637,-0.0922849401831627,0.0880392007529736,0.083372950553894,-0.0150395734235644,-0.223390504717827,-0.167881809175014
37,0.361863002181053,0.90213817358017,0.315080642700195,0.225491151213646,0.738732039928436,-0.658659517765045,-0.0359542276710272,0.299126729369164,-0.0175790693610907,-0.123905174434185,-0.0952292010188103,0.378153599798679,-0.427358001470566,-0.209684297442436,0.681235387921333,NA,1.8040896654129,4.892165184021,0.44135357439518,-0.59923779964447,-0.510324597358704,0.30855855345726,-0.2422965914011,1.13103187084198,0.856901228427887,1.32219398021698,3.41865921020508,0.513856515288353,0.994654893875122,-0.146765049546957,2.52976721525192,-0.029869306832552,-0.989298522472382,3.80620837211609,-0.157638520002365,0.592020571231842,0.841327577829361,0.748610198497772,0.450454220175743,0.420714050531387,0.344829708337784,-0.349043607711792
38,4.60245537757874,5.47489619255066,4.94246101379395,6.39666843414307,2.97113704681396,3.36980402469635,3.82686471939087,3.84806370735168,3.80015993118286,2.7618647813797,3.5851536989212,2.95149838924408,3.34556484222412,2.90398454666138,3.95615458488464,3.72099912166595,2.9561710357666,4.69938373565674,3.26263630390167,2.78401494026184,4.52146434783936,7.4840190410614,8.25173044204712,NA,2.29898357391357,NA,NA,3.35723495483398,6.73568105697632,NA,5.9673900604248,8.37090063095093,NA,4.79834723472595,8.2998628616333,4.92812824249268,NA,NA,5.42172956466675,NA,NA,8.59311938285828
39,0.281709864735603,-0.226954981684685,-0.0999685041606426,0.43088835477829,-0.34327831864357,-0.283798657357693,-0.00385339371860027,-0.346454471349716,-0.0649027898907661,-0.0132482179906219,0.853957772254944,0.474731773138046,-0.261425733566284,0.19392679259181,0.140637043863535,0.388960897922516,-0.187759533524513,0.0493348594754934,-0.117981171235442,-0.00504795834422112,-0.307295948266983,-0.00049999263137579,-0.172950819134712,0.0526404492557049,0.110266700387001,-0.7582648396492,-0.118370827287436,-0.876349627971649,0.306509017944336,0.0256491266191006,-0.0723217129707336,0.153693234547973,-0.233867362141609,-0.111168891191483,0.440470352768898,0.15347920358181,-0.152716755867004,-0.066274743527174,-0.0105179948732257,-0.193039573729038,-0.190793141722679,-0.133186429738998
40,4.24175477027893,2.82651305198669,9.81246113777161,1.47590550780296,2.98405694961548,2.31583833694458,4.18082427978516,3.40518438816071,1.98838675022125,0.237391576170921,3.01912522315979,2.69842195510864,2.79738712310791,2.32049822807312,3.42953062057495,2.65695858001709,2.22588396072388,2.50506216287613,3.16875267028809,2.76391911506653,2.31642603874207,3.77297830581665,8.80128574371338,1.73017036914825,4.55024814605713,4.41400051116943,4.76408624649048,4.17616605758667,3.61496543884277,4.12897670269012,3.35116124153137,4.67576694488525,NA,2.9409898519516,1.30653011798859,4.78164958953857,4.7176718711853,5.68358159065247,4.78956866264343,1.71457904577255,2.91297602653503,3.04207515716553
41,0.468462735414505,0.486812174320221,0.480544328689575,0.377595216035843,0.684435456991196,0.0747088119387627,1.58094191551208,0.91087418794632,-0.140124224126339,1.35579884052277,1.21220988035202,NA,NA,NA,0.678837358951569,0.386801600456238,0.380366772413254,0.415470898151398,0.568019151687622,0.344171434640884,0.39213827252388,0.491415977478027,NA,NA,2.64155298471451,NA,1.63779473304749,NA,1.08754128217697,NA,-0.502814948558807,0.627190053462982,NA,NA,0.728772163391113,0.613903999328613,1.01645731925964,NA,0.700954079627991,-0.489244133234024,0.344414561986923,1.361612200737
42,7.05017137527466,7.00975608825684,6.89473438262939,7.68076372146606,4.33357620239258,4.81709480285645,4.80422115325928,5.26923561096191,4.81040906906128,4.16182327270508,5.38362121582031,5.47391295433044,4.98344087600708,4.4320592880249,5.27316570281982,6.27660202980042,5.6167459487915,8.90337705612183,5.02805185317993,5.45069122314453,7.60591173171997,4.96962285041809,10.8972969055176,5.15986728668213,8.72613477706909,10.0939650535583,7.33509111404419,6.89339637756348,8.09657907485962,8.61597156524658,6.29826307296753,10.384635925293,4.04239368438721,6.82781934738159,7.74955868721008,8.16584300994873,6.80954360961914,8.98367023468018,8.96538734436035,8.05684041976929,7.89375853538513,8.70454406738281
43,2.58759880065918,2.05488085746765,2.36514377593994,2.38518095016479,1.80170381069183,1.95510482788086,2.29739463329315,3.39137244224548,1.97780025005341,1.89596080780029,2.5692526102066,1.15597063302994,1.85100090503693,1.94955748319626,2.64919281005859,1.51817584037781,2.1718418598175,3.25176095962524,2.26278936862946,1.48464167118073,2.02651762962341,2.46870589256287,4.68658185005188,2.39073801040649,3.72408854961395,1.59045159816742,3.70561528205872,3.94878625869751,2.49611639976501,2.30884766578674,3.29899871349335,3.64602541923523,3.74417877197266,2.51672101020813,1.37286931276321,5.26926422119141,3.46563720703125,3.13760878145695,2.01388812065125,4.443519115448,1.78938782215118,2.14950013160706
44,3.25284016132355,4.73959851264954,3.49836993217468,6.99716663360596,1.62444984912872,2.52884316444397,2.75578272342682,3.04500675201416,3.06131410598755,0.806223601102829,2.83900833129883,1.59238290786743,2.30709552764893,3.71568429470062,2.90243196487427,2.5677444934845,2.1717472076416,3.72236084938049,2.7836891412735,2.44597768783569,2.94241201877594,2.93375253677368,2.22668886184692,6.20199608802795,4.44349765777588,2.19081497192383,3.66135406494141,3.14107942581177,3.11505722999573,4.98703002929688,1.860446870327,3.79702043533325,4.89727020263672,3.46373200416565,4.43250894546509,4.18126106262207,2.32090210914612,5.96843481063843,4.20034122467041,6.0969774723053,3.58238506317139,3.43787336349487
45,1.3924954533577,-0.370108813047409,2.6594223678112,0.432626277208328,-0.0124396001920104,-0.193016722798347,-0.165366992354393,1.16419386863708,1.46306884288788,-0.628715574741364,1.74258852005005,7.23268985748291,NA,1.09032416343689,-0.194429792463779,0.338628426194191,0.254228457808495,NA,0.925454646348953,1.10571426153183,-0.126122258603573,0.312919318675995,NA,NA,0.730525802820921,NA,0.827583611011505,NA,0.464211314916611,NA,NA,1.06653916835785,NA,NA,5.63306188583374,0.912509828805923,0.324754148721695,NA,0.914791584014893,2.70421147346497,NA,-0.282328955829144
46,4.01664066314697,5.82858467102051,3.21456503868103,5.20529460906982,3.12178671360016,2.19491910934448,4.22341012954712,2.66023921966553,1.66248834133148,1.67670154571533,2.75587773323059,1.89706289768219,2.04585313796997,2.34580743312836,2.87520384788513,2.0175576210022,1.56486880779266,2.7319962978363,2.58681678771973,1.92864942550659,2.82169675827026,3.80322790145874,5.14136552810669,8.19024848937988,4.45355463027954,5.58878874778748,2.0755375623703,5.28914475440979,5.5632700920105,4.72096872329712,4.86471235752106,3.87619733810425,NA,3.03595638275146,5.65587282180786,2.91457223892212,2.51986312866211,1.37350940704346,3.88490271568298,5.88664627075195,5.76089406013489,3.36827564239502
47,-0.102307805791497,0.149633333086967,0.182686291635036,0.522396773099899,-0.174234472215176,0.190821796655655,0.121420100331306,2.43233299255371,0.312432169914246,0.0739465309306979,0.82891047000885,1.35050988197327,0.356195658445358,-0.014328844845295,0.561618715524673,-0.382744550704956,-0.0910451402887702,0.230691507458687,1.34719863533974,-0.160094264894724,-0.0401547104120255,0.376212596893311,-0.144210055470467,0.359382390975952,0.157483771443367,0.674924910068512,-0.168414324522018,-0.30901176482439,0.600706219673157,NA,NA,0.0946176871657372,-0.0763484947383404,0.661158800125122,0.273599930107594,0.316886395215988,0.0408252999186516,-0.217860743403435,0.0534343756735325,-0.116677269339561,-0.196988180279732,-0.057650389149785
48,2.48984336853027,1.68278521299362,1.20146232843399,3.32466340065002,2.73360884189606,4.06232738494873,2.64363658428192,2.51893401145935,2.00671029090881,1.55347871780396,2.47461974620819,1.15551072359085,2.91933393478394,1.76917493343353,1.98162811994553,1.15305423736572,0.801809757947922,2.8615562915802,2.58498096466064,1.21046316623688,1.74920582771301,2.19544196128845,0.695929765701294,1.67976045608521,1.03592869639397,0.219372987747192,3.94958424568176,2.8966977596283,3.87562584877014,4.92991638183594,0.718712627887726,3.22166860103607,NA,3.23315834999084,3.37189078330994,8.12919998168945,10.9951853752136,NA,4.59849739074707,-0.518966011703014,1.19078347086906,1.51786333322525
49,3.10317885875702,NA,13.4394865036011,5.84541606903076,3.43765735626221,2.4989749789238,4.00802540779114,3.86220145225525,2.87651395797729,3.12404632568359,NA,4.74706363677979,0.986221075057983,2.81803703308105,4.42252540588379,3.03597629070282,1.50739061832428,5.11470985412598,2.99716114997864,2.54593944549561,5.72739315032959,NA,NA,NA,NA,NA,NA,NA,NA,NA,NA,6.89626306295395,NA,NA,9.43973553180695,NA,NA,5.30777978897095,5.57111501693726,NA,NA,2.88310623168945
50,0.35202893614769,0.291804641485214,-0.0327762849628925,0.166738317348063,0.182998225092888,-0.127673197537661,-0.0247259773313999,0.324108138680458,0.0345740243792534,0.00938197947107255,0.433149039745331,-0.120265113189816,0.916861712932587,0.151250879280269,0.0851833075284958,1.2932995557785,-0.0871550813317299,0.842370957136154,0.251540035009384,-0.208591558039188,0.314156010746956,0.0567272305488586,-0.188818827271461,0.309051409363747,-0.172401025891304,0.967364370822906,0.151236042380333,0.0905606225132942,0.122722793370485,-0.0175418145954609,-0.228815227746964,-0.24180568754673,0.21708606928587,-0.222203508019447,0.302815122529864,0.0377562046051025,0.386045217514038,-0.00919375102967024,0.0137478802353144,-0.0842184461653233,0.606945514678955,-0.0824759639799595
51,0.666656494140625,0.516043961048126,-0.0211836397647858,1.50437891483307,0.600115776062012,0.603404134511948,1.02416098117828,0.877345085144043,0.372678756713867,-0.0212432499974966,0.606809228658676,0.860506445169449,0.612738057971001,0.336597368121147,0.820643186569214,0.627537816762924,2.65197277069092,8.33317852020264,0.791432648897171,0.215353690087795,0.695147961378098,0.650768876075745,1.17597353458405,3.31859922409058,1.77986991405487,0.631615974009037,3.09941506385803,4.50920730829239,1.18034780025482,0.404107868671417,-0.56844174861908,1.09518301486969,NA,NA,NA,0.986880600452423,-0.279910117387772,NA,2.65635311603546,2.41051554679871,NA,9.4564770758152
52,0.3293841406703,-0.0279879905283451,-0.137902952730656,0.190176654607058,1.25762733817101,-0.170083865523338,0.495070844888687,0.360045194625854,-0.106112107634544,-0.449458763003349,NA,0.0764372646808624,NA,-0.0159918591380119,0.790833830833435,0.563864633440971,0.620266824960709,-0.341484919190407,0.759527444839478,0.520798176527023,0.47447082400322,-0.180296257138252,-0.0630700308829546,-0.0921305492520332,1.60724645853043,1.45850384235382,0.240066420286894,-0.55385422706604,0.322291672229767,-0.802282154560089,-0.284069091081619,0.228892356157303,-0.105193261057138,1.01140560209751,-0.0614325068891048,0.266521453857422,-0.452160984277725,-0.0543298125267029,-0.143029786646366,-0.105285257101059,0.137576561421156,-0.0341899655759335
53,1.90469723939896,3.19167971611023,2.01471567153931,4.80064392089844,2.13882923126221,1.74897009134293,1.29919123649597,2.48738288879395,1.02659845352173,1.42473208904266,2.59194624423981,2.00317311286926,2.04085290431976,2.22349786758423,2.64309680461884,2.51386904716492,1.85907989740372,1.84417670965195,1.88308119773865,2.07258081436157,2.46805906295776,2.70934498310089,3.44779658317566,2.4237220287323,3.47730398178101,2.51342934370041,0.994763568043709,4.05594670772552,3.99972724914551,3.56860101222992,2.26483476161957,5.05513525009155,4.76884698867798,2.70387864112854,3.43145966529846,3.29798555374146,6.69247817993164,NA,5.49507474899292,1.6602201461792,2.89878034591675,0.113777697086334
54,3.20998859405518,4.61880540847778,3.61239528656006,NA,3.8778737783432,1.81510949134827,4.44901418685913,3.90037989616394,1.7822932600975,0.580482974648476,4.36052322387695,3.62568914890289,3.30649471282959,2.93520307540894,3.11538195610046,2.240159034729,1.32623618841171,4.35216760635376,1.12090045213699,2.15753889083862,2.62557101249695,3.24370610713959,5.77727723121643,1.56109511852264,4.32996368408203,4.90066528320312,4.37790679931641,4.17473816871643,4.92083191871643,5.74656867980957,3.95702028274536,4.94464349746704,5.11852979660034,3.42988467216492,4.08805871009827,4.04363107681274,2.93186163902283,2.88264501094818,3.51124036312103,3.21347212791443,2.87674343585968,3.74209141731262
55,4.02496147155762,4.47415471076965,2.39893865585327,5.2209529876709,3.20395994186401,2.8487708568573,3.12401819229126,4.61965274810791,2.01976609230042,1.62462687492371,2.98819267749786,1.60491961240768,2.69432592391968,2.57297515869141,3.14332890510559,3.3966019153595,3.84254670143127,3.54630160331726,2.2644556760788,3.48073542118073,2.56968951225281,5.18634533882141,1.57313299179077,5.14575338363647,6.80297088623047,2.52745008468628,3.87295579910278,3.77122902870178,4.8946704864502,2.50359988212585,3.54063510894775,6.48541688919067,10.1624610424042,3.85628283023834,3.66212487220764,6.13991856575012,2.85294628143311,5.20113492012024,10.192045211792,4.7415919303894,5.25142383575439,5.83680129051208
56,0.388427138328552,-0.36108461022377,-0.0512455552816391,1.17512381076813,0.00601473078131676,-0.259854555130005,-0.145134642720222,0.499162435531616,-0.144616991281509,0.0722689852118492,1.80866682529449,-0.123998582363129,-0.25993224978447,-0.244508698582649,0.20929766446352,-0.184701472520828,0.113014064729214,-0.188732743263245,0.75925487279892,0.186957763507962,0.201355665922165,0.0687250290066004,-0.124649930745363,-0.0224462784826756,0.250579714775085,-0.388518631458282,0.239314407110214,-0.268582716584206,0.869267672300339,-0.139854036271572,0.591133415699005,-0.132613703608513,0.273851931095123,-0.115704067051411,0.159658089280128,0.406589612364769,-0.0655986815690994,0.491025567054749,-0.0142414094880223,-0.12203823402524,-0.194108411669731,-0.165018767118454
57,1.64903342723846,-0.118509780615568,-0.420924216508865,0.86250364780426,0.330727338790894,-0.102154338732362,0.461083143949509,0.964816510677338,0.520841985940933,-0.114045076072216,2.50809562206268,NA,NA,-0.187739649787545,1.05263340473175,0.890280365943909,1.84151986241341,0.816241204738617,2.36493998765945,0.0027514174580574,0.0583718568086624,0.796340525150299,-0.180901736021042,0.766558349132538,2.99445784091949,NA,-0.593489408493042,2.86030769348145,1.08122110366821,NA,2.97457265853882,2.06554561853409,2.2255300283432,NA,1.11388754844666,0.580269634723663,0.592618465423584,0.501412153244019,0.230630159378052,0.402661114931107,-0.251371949911118,0.252773523330688
58,0.159413561224937,-0.451171815395355,-0.231705367565155,NA,0.897782206535339,-0.236874178051949,0.688941612839699,0.288948267698288,-0.149153828620911,0.23118943721056,-0.951288938522339,-0.654491007328033,0.640637710690498,-0.241176329553127,0.0032341864425689,0.073791965842247,-0.188411518931389,-0.263298720121384,-0.2571045383811,-0.178786426782608,-0.499458372592926,0.288812890648842,-0.253293991088867,-0.103167727589607,0.19638192653656,0.0131204798817635,-0.168894127011299,0.141466706991196,1.42626070231199,-0.481879517436028,-0.42889991402626,-0.0764416344463825,-0.14763517677784,0.0432472806423903,-0.213260725140572,-0.029864139854908,-0.184148162603378,-0.060369374230504,-0.131228514015675,-0.289194256067276,-0.227070145308971,-0.2447789311409
59,3.78848552703857,3.53309035301208,2.76384830474854,4.95377254486084,3.11105823516846,2.63273668289185,5.04357481002808,3.63646852970123,1.80794024467468,1.73044204711914,3.60433292388916,2.60015797615051,1.97209852933884,1.6142635345459,2.88897120952606,2.65960609912872,1.72667276859283,2.90419173240662,2.61361503601074,2.74676918983459,2.44823491573334,2.5145560503006,4.05135464668274,1.57201862335205,3.61014926433563,2.03831253945827,6.22404766082764,3.50354421138763,2.58762431144714,1.17239400744438,2.88071429729462,1.69939720630646,2.27509260177612,2.69794225692749,5.59758162498474,4.76620852947235,2.44387936592102,1.11389355361462,3.27687215805054,4.01830065250397,-0.644884467124939,7.71342372894287
60,-0.0423684045672417,0.106205521151423,-0.273622006177902,-0.015186226926744,0.290679901838303,-0.51778781414032,-0.410496592521667,0.694289267063141,-0.0528192631900311,-0.404244542121887,-0.903395175933838,NA,-0.0980547517538071,NA,0.405006229877472,0.982157826423645,-0.380821019411087,NA,0.398834578692913,0.201458692550659,-0.455599933862686,-0.131010975688696,-0.298986583948135,-0.0373631976544857,-0.552822545170784,0.664448499679565,-0.570008099079132,3.18287301063538,2.0907871723175,0.413179755210876,-0.636540502309799,0.312733693048358,0.412238240242004,-0.231091871857643,-0.230843357741833,0.206571966409683,0.103748810011894,0.422743886709213,0.416869521141052,-0.144574508070946,-0.012613975442946,-0.033640518784523
61,0.233249485492706,-0.0713228415697813,0.0999954640865326,0.0507043227553368,0.567346394062042,0.226819459348917,0.326018378138542,0.172746010124683,0.229123972356319,0.553246349096298,0.709566086530685,0.300371825695038,0.511599719524384,-0.171334855258465,0.596013963222504,0.895998418331146,1.1598008275032,0.164580658078194,0.602153599262238,0.0272082947194576,0.233434289693832,-0.0260084439069033,-0.142292242497206,0.198432786390185,0.239623308181763,0.430395007133484,2.25210237503052,1.55937892198563,0.715864628553391,0.343129523098469,-0.515094265341759,0.0815186835825443,0.393838047981262,NA,0.0775876864790916,0.753266245126724,-0.434767790138721,0.118127375841141,0.354337573051453,1.20520031452179,2.18523477017879,0.253103584051132
62,0.288334876298904,-0.153190393932164,-0.069199625402689,0.170598700642586,0.340555891394615,-0.0462863780558109,-0.0194323342293501,0.523502171039581,-0.0548925548791885,-0.456101357936859,1.59903609752655,0.0133662223815918,0.973023802042007,-0.0845428239554167,0.213944219052792,-0.0360256209969521,-0.163716584444046,-0.0808230638504028,0.315242409706116,-0.177399128675461,0.216264754533768,0.309576645493507,-0.506427928805351,0.0695994962006807,0.662291288375854,2.11873698234558,-0.386371504515409,-0.217694913037121,-0.303550817072392,0.213854283094406,0.327153563499451,0.451402112841606,0.26224285364151,-0.0252740206196904,-0.231879144906998,0.319466650485992,-0.0814295746386051,-0.178227867931128,-0.0509663093835115,-0.17715498059988,-0.00528664560988545,-0.112494971603155
63,5.89411211013794,6.9815080165863,3.94951903820038,4.11493849754333,2.67767405509949,3.08633303642273,3.10987901687622,3.55157017707825,4.12754344940186,1.92187821865082,11.0047521591187,NA,3.58484101295471,9.3224241733551,3.61855280399323,3.81336426734924,2.4186007976532,4.80054140090942,3.14691233634949,2.99936199188232,4.16529607772827,9.2601056098938,4.64819955825806,5.28661680221558,6.53129863739014,3.4584641456604,2.8367817401886,4.1483473777771,6.45062136650085,-0.87678050994873,7.3218731880188,4.77694988250732,NA,5.45210695266724,5.20160412788391,4.70346593856812,1.6502525806427,4.47159814834595,1.44449365139008,NA,0.706735007464886,3.61375880241394
64,5.48730945587158,4.73104286193848,4.33916282653809,7.41642570495605,4.61926770210266,4.72275066375732,3.896155834198,3.94067275524139,5.67086863517761,2.41658091545105,NA,NA,3.64478611946106,3.98112916946411,4.80064272880554,4.7672712802887,2.98036730289459,5.36617636680603,3.32598495483398,3.66706502437592,5.36151599884033,3.06180274486542,6.30603265762329,2.37585234642029,6.75138998031616,NA,4.07095670700073,6.59727573394775,8.60232257843018,NA,4.39961099624634,6.16642332077026,NA,3.96841096878052,7.11696577072144,5.64250063896179,12.7358884811401,4.04593074321747,9.00369644165039,NA,5.41731309890747,3.67260980606079
65,0.361748367547989,0.225797563791275,0.751295268535614,0.890172630548477,0.802933692932129,0.411394119262695,0.624264538288116,1.03302675485611,0.3510812073946,0.181467354297638,-0.327912211418152,-0.396782159805298,1.8138273358345,0.179593324661255,0.70161160826683,0.807581186294556,0.34771154820919,2.51793503761292,0.480574816465378,0.478351265192032,0.449864357709885,NA,-0.66741156578064,2.07408201694489,6.03707456588745,0.595205724239349,0.183914676308632,0.24660313129425,2.02402234077454,0.46052673459053,1.03588974475861,NA,-0.108274035155773,0.00753481313586235,1.20362436771393,0.702595770359039,3.47429347038269,NA,NA,0.563136115670204,0.98748579621315,-0.70790721476078
66,3.53046476840973,3.66812038421631,2.6478363275528,4.16355466842651,3.30232715606689,2.10865318775177,3.57333600521088,3.069584608078,2.4231653213501,2.36629748344421,2.91987466812134,2.8199108839035,2.23799920082092,2.44712471961975,3.2881281375885,2.77225518226624,1.81879562139511,3.67168653011322,2.83185434341431,2.49172377586365,3.20004165172577,4.45284485816956,6.04980373382568,3.61269998550415,4.42028522491455,3.85346150398254,3.36518537998199,5.05763626098633,4.17639350891113,3.71234750747681,3.58531260490417,6.6764931678772,3.28917670249939,4.10562515258789,5.07250499725342,4.49630165100098,2.30812358856201,1.46253156661987,3.05228912830353,1.71447819471359,1.4858078956604,6.69627046585083
67,0.0674193874001503,-0.192587845027447,-0.1930271089077,-0.110299862921238,-0.124244473874569,-0.183355197310448,-0.0638111792504787,-0.0635873898863792,-0.173476740717888,-0.182071045041084,-0.0966556817293167,-0.395900517702103,0.538103222846985,-0.0905399471521378,-0.021593555342406,-0.145610719919205,-0.156062394380569,-0.288795560598373,0.0326794497668743,-0.242307886481285,-0.0672081187367439,0.0229933839291334,-0.149460338056087,-0.00439017871394753,0.635804384946823,0.568714141845703,-0.18672439455986,-0.0515905916690826,-0.0903641134500504,0.675547122955322,0.420061618089676,0.248617187142372,-0.142038613557816,0.00329048372805119,0.12108950316906,-0.00651275925338268,-0.1733278632164,0.0362807922065258,0.0200582798570395,-0.223216935992241,-0.190442949533463,-0.191528335213661
68,3.19210243225098,1.58813065290451,1.508844435215,2.6377866268158,3.51379060745239,2.53420448303223,-0.14908754825592,2.61988615989685,0.719904243946075,0.215458542108536,2.6153906583786,1.81765151023865,1.6707815527916,2.6026246547699,2.31052422523499,1.15367865562439,0.659147143363953,1.67520749568939,0.746828496456146,0.979692697525024,0.760907411575317,3.09580790996552,1.94014865159988,0.687755733728409,2.41280436515808,0.534281015396118,2.33837485313416,0.676577389240265,3.04771995544434,3.20532369613647,2.50453448295593,3.93484258651733,3.58288264274597,2.59325051307678,2.13092446327209,2.42955207824707,0.520189210772514,0.74779424071312,1.79025226831436,1.12894809246063,1.78084355592728,0.922365486621857
69,-0.120035320520401,-0.331009343266487,-0.248854823410511,-0.387134402990341,-0.0904353410005569,-0.290894746780396,-0.42251393198967,-0.0925078168511391,-0.267996907234192,-0.465088039636612,-0.547200471162796,0.0729933381080627,-0.111645601689816,-0.31045138835907,0.0255163814872503,-0.0100197037681937,-0.135244302451611,-0.175769746303558,-0.189228937029839,-0.269337624311447,-0.252012640237808,-0.288092792034149,-0.192047581076622,-0.117612507194281,0.790635526180267,-0.0374330878257751,-0.679146200418472,-0.389355331659317,1.10296094417572,NA,-0.160302314907312,-0.15837736427784,-0.136147126555443,-0.542497277259827,-0.326122790575027,-0.0404162369668484,-0.293812334537506,-0.179981112480164,-0.0872367434203625,-0.320866480469704,-0.236100256443024,-0.15926294028759
70,0.346985071897507,1.75233232975006,3.10789060592651,0.941096842288971,1.53397703170776,1.97645020484924,1.01889169216156,0.437016725540161,1.26228928565979,0.756736189126968,1.49679267406464,5.93059062957764,2.38909363746643,1.66830015182495,0.903991311788559,0.150021985173225,4.08318138122559,NA,0.921322286128998,0.950154304504395,0.343294739723206,NA,-0.100257411599159,NA,NA,NA,NA,-0.0937204658985138,NA,-0.219607681035995,-0.48072250187397,NA,NA,NA,NA,0.124880738556385,0.28913801908493,5.16895866394043,NA,NA,NA,NA
71,0.455460220575333,-0.0716261360794306,-0.0152531117200851,0.827696621417999,0.354033023118973,0.292930126190186,0.283428139984608,0.768647193908691,-0.202362641692162,2.99584817886353,0.607395470142365,NA,0.942512989044189,-0.00246055424213409,0.53911891579628,-0.333412319421768,-0.838740944862366,NA,0.659606397151947,0.298867464065552,1.45566022396088,0.367320626974106,0.37960609793663,1.07738220691681,0.736687064170837,-0.269157201051712,0.533470869064331,0.301880296319723,0.62497740983963,-0.227771610021591,1.03499913215637,0.655631899833679,-0.773935794830322,NA,2.62597131729126,0.810217916965485,0.338071289472282,1.67171657085419,0.841909885406494,-0.211692437529564,NA,0.326770901679993
72,2.54095423221588,2.43416357040405,1.72985816001892,2.03329908847809,2.3926157951355,2.58346748352051,2.23228812217712,2.59965264797211,1.50627112388611,1.86915481090546,2.36004281044006,2.54816126823425,1.67321306467056,1.6691409945488,2.26091575622559,2.3945107460022,0.939123630523682,1.49067986011505,2.37720167636871,2.58490514755249,2.37638449668884,2.30269908905029,3.08235585689545,3.37496161460876,3.44214081764221,1.60062611103058,2.1872546672821,1.6917712688446,2.5743488073349,1.88279807567596,1.57118940353394,2.74142813682556,3.11780095100403,2.33445692062378,1.99515497684479,2.55505096912384,0.870109558105469,3.21284246444702,2.63781642913818,1.29136875271797,2.26902407407761,0.864539533853531
73,0.940023183822632,0.802061378955841,0.449286788702011,1.44520831108093,0.992637813091278,1.00392547249794,0.683522552251816,0.750534981489182,0.52319560945034,0.485273942351341,1.77395743131638,0.544420897960663,0.22320531308651,1.52104878425598,0.852408289909363,1.34011960029602,0.742303013801575,2.21768969297409,0.917568266391754,0.416432619094849,0.598804086446762,0.300825119018555,1.34497940540314,-0.252462863922119,NA,NA,NA,-0.762759685516357,0.0502870678901672,0.464452058076859,NA,-0.200013175606728,NA,NA,0.504829943180084,2.14112973213196,0.0887108743190765,1.4455224275589,1.56220662593842,39.953010559082,1.58563415706158,0.446140948683023
74,0.532870590686798,0.0110089471563697,-0.0626587644219398,0.745269566774368,0.144510805606842,0.0191969107836485,-0.157277211546898,NA,-0.00240300735458732,-0.66603422164917,NA,0.847556084394455,0.270006466656923,0.347932398319244,0.410854578018188,0.370550617575645,0.127372317016125,0.506743118166924,-0.271515637636185,0.15291765332222,0.266696572303772,-0.357468828558922,-0.261363744735718,0.00693663093261421,-0.432843342423439,0.19982784986496,-0.323648676276207,0.0193438734859228,2.81490349769592,-0.274765357375145,1.74137806892395,3.49445928074419,1.47911602258682,-0.832744479179382,-0.134974421933293,-0.855838716030121,0.150118991732597,0.85725262761116,-0.098829485476017,0.0746931955218315,-0.114778663963079,-0.0397777706384659
75,7.04762411117554,7.90977144241333,9.31583690643311,9.80874347686768,4.12502002716064,4.98578870296478,5.54857349395752,3.92859721183777,3.0045793056488,4.66097378730774,6.51397371292114,5.82076072692871,5.2610809803009,3.81601524353027,5.18520379066467,4.97217750549316,3.88126754760742,6.80252909660339,4.61441659927368,4.28370428085327,5.49837303161621,9.26716351509094,5.94837856292725,3.2199866771698,7.73924541473389,14.1167597770691,27.4336051940918,2.41186213493347,7.26430654525757,NA,2.70676374435425,13.7993783950806,4.09411404281855,9.15074968338013,8.9563000202179,5.04818820953369,NA,10.217155456543,12.1175203323364,NA,4.03270769119263,4.78959226608276
76,0.423839807510376,-0.287300199270248,-0.101919211447239,0.0967082604765892,0.0126602845266461,0.353029191493988,10.8871669769287,0.32120606303215,-0.479774244129658,-0.19739792495966,NA,NA,NA,NA,-0.318304143846035,1.36837816238403,-0.204647392034531,-0.398508280515671,0.812744379043579,-0.11372783780098,0.064207136631012,0.381981894373894,NA,1.86882710456848,0.111180335283279,NA,NA,NA,1.90680176019669,NA,-0.73654717206955,0.200489491224289,0.443474024534225,-0.79496818780899,-0.361930191516876,0.486391857266426,0.037246111780405,1.47951406240463,0.041415847837925,-0.09476088732481,0.0469853542745113,-0.396192207932472
77,2.23336148262024,0.890752673149109,2.40840363502502,4.58030438423157,2.06524610519409,1.12044948339462,-0.582334235310555,2.00224113464355,0.887188017368317,1.79141187667847,1.58165991306305,1.12297606468201,1.48276251554489,1.35920882225037,1.48422813415527,1.43566417694092,1.18834471702576,1.83443129062653,1.33438014984131,0.926399558782578,1.68941760063171,0.404427096247673,1.34880197048187,1.52322506904602,2.99646353721619,1.38154911994934,1.10873758792877,2.5745575428009,2.65867710113525,1.19097363948822,1.60291612148285,1.90994238853455,0.793699562549591,0.898576438426971,1.37975585460663,3.23303604125977,1.90948593616486,1.9741530418396,1.90140688419342,0.624213695526123,1.71050399541855,1.04233658313751
78,0.885718315839767,0.733325242996216,2.37562942504883,1.05878829956055,0.803004086017609,-0.345498710870743,0.738620579242706,0.880987823009491,0.274104833602905,0.0485652908682823,1.51201564073563,NA,0.970350027084351,2.0058867931366,0.67156195640564,NA,NA,NA,0.00840871222317219,0.651450425386429,-0.165765233337879,0.671157002449036,0.194103978574276,0.445139914751053,0.772078931331635,0.56873619556427,-0.21532891690731,0.193663761019707,0.927335679531097,0.183147832751274,1.50538793206215,-0.914446651935577,2.72479820251465,NA,1.47330808639526,0.235109016299248,0.348253279924393,NA,1.44217586517334,0.00683871703222394,NA,-0.564173243939877
79,-0.161189243197441,0.617008402943611,0.283760637044907,NA,1.02026469260454,NA,0.391063034534454,0.367656737565994,0.464025646448135,0.389433830976486,NA,NA,-0.122518472373486,NA,1.3831787109375,NA,0.497709453105927,NA,0.139300748705864,0.589357018470764,NA,-0.0760136991739273,NA,NA,-0.498533576726913,NA,NA,NA,NA,1.39526289701462,NA,1.05142065882683,-0.172604411840439,-0.749955713748932,NA,1.50076222419739,-0.46103660017252,0.565129578113556,-0.068049781024456,-0.364753007888794,-0.700768232345581,0.640494346618652
80,6.23499083518982,3.00048089027405,6.80844736099243,3.34382843971252,3.49362277984619,2.80185008049011,3.50289762020111,3.15423011779785,2.03909283876419,1.84945636987686,3.58078646659851,2.85143828392029,2.46769285202026,2.91708111763,3.79097938537598,2.77032482624054,1.07708179950714,3.69096255302429,3.06985151767731,3.04661512374878,3.24894487857819,3.79333424568176,3.50823438167572,2.70354223251343,4.41935682296753,2.54290783405304,5.39267730712891,6.39579629898071,4.32714223861694,2.71397066116333,1.63990557193756,7.18597459793091,NA,5.0780200958252,2.85067474842072,5.05037331581116,2.15778505802155,3.6174054145813,5.51807689666748,6.36972761154175,7.93173480033875,4.82603871822357
81,-0.180356562137604,-0.330599546432495,-0.206169918179512,NA,0.0829124934971333,-0.048414405900985,-0.00123677123337984,-0.308288425207138,-0.251489073038101,-0.210031725466251,-0.535544216632843,-0.445532441139221,-0.16649654507637,-0.00129920244216919,-0.0132036386057734,-0.444604128599167,-0.139285355806351,4.1759090423584,-0.096109002828598,-0.11149837449193,-0.134551320225,0.187054216861725,-0.224022768437862,0.704732656478882,1.36363506317139,0.311360329389572,-0.25306311249733,1.61634409427643,-0.106206126511097,-0.989519894123077,1.87942284345627,0.861947029829025,0.113949126563966,-0.0300432592630386,1.46357095241547,0.659966588020325,-0.377291709184647,-0.0871251821517944,0.0430912617594004,-0.165014997124672,0.116402715444565,-0.0677452944219112
82,0.770550489425659,0.526237308979034,0.131752002984285,0.803197413682938,0.107625499367714,0.392026707530022,0.186977751553059,0.55557769536972,0.359245151281357,0.270118430256844,0.775066360831261,-0.385463833808899,0.793919742107391,1.40612494945526,0.541580677032471,0.552434504032135,0.351759634912014,-0.387515693902969,0.625387161970139,0.604420065879822,0.359455615282059,0.682030439376831,0.0807961039245129,0.493398353457451,2.22795081138611,0.401156030595303,0.872865319252014,3.48979926109314,-0.334169268608093,-0.524437189102173,1.08086423575878,-0.299963384866714,0.995109021663666,0.0553542971611023,6.09219777584076,-0.418088316917419,0.894554823637009,3.22048270702362,NA,0.361407846212387,1.58313322067261,-0.654908895492554
83,1.07277476787567,0.335550904273987,0.860555201768875,0.611809432506561,0.785731375217438,0.255471371114254,0.436123266816139,0.775830060243607,0.217590063810349,0.557998061180115,0.57256942987442,-0.0671525374054909,-0.180084921419621,0.22964546084404,0.736380279064178,-0.0361422263085842,0.433057267218828,-0.454617828130722,0.698408007621765,0.187157768756151,0.388695538043976,0.840630680322647,-0.088219903409481,0.163541287183762,0.333360835909843,0.00574323441833258,0.780149161815643,0.426212877035141,0.826874375343323,-0.0309668583795428,-0.267118215560913,1.77283537387848,NA,-0.0126380231231451,0.517958462238312,1.15508937835693,0.796581864356995,0.544902682304382,0.624883711338043,0.601843476295471,0.0842435508966446,0.419677019119263
84,3.59169395267963,2.66217833757401,NA,12.6373987197876,3.02127182483673,5.19479131698608,3.65423965454102,2.06815481185913,7.11528301239014,-0.531875669956207,1.58387517929077,9.0691876411438,3.1548798084259,0.748124718666077,3.86781978607178,NA,NA,NA,4.76985788345337,2.67714548110962,NA,NA,NA,NA,4.23285293579102,3.63952976465225,NA,1.68745250999928,3.77612996101379,NA,NA,22.6505165100098,5.37050914764404,NA,NA,4.87396657466888,1.27215719223022,NA,4.84091472625732,NA,NA,NA
85,3.83759021759033,4.13954544067383,2.89627861976624,3.62314891815186,3.02104377746582,1.41058206558228,0.0135044143535197,2.72298383712769,1.6741401553154,1.1858229637146,1.94540119171143,1.47556900978088,2.15126967430115,4.20194387435913,2.77605795860291,1.90169149637222,1.70680767297745,3.35475063323975,1.65712511539459,1.53030264377594,3.50733590126038,3.47711360454559,1.28137743473053,3.45749092102051,3.89482319355011,1.09879446029663,1.53004670143127,4.69730138778687,5.06767320632935,6.07717514038086,2.31881940364838,5.39925718307495,1.42586016654968,2.47286140918732,3.68495559692383,1.85534745454788,2.35531705617905,4.56880044937134,1.09393355250359,-0.187758162617683,2.71521019935608,3.75558829307556
86,0.267891198396683,-0.0774455219507217,0.700885936617851,2.78807628154755,0.334157586097717,5.35608053207397,1.08431601524353,-0.193989502266049,0.562029778957367,NA,1.72664320468903,NA,NA,0.747630774974823,0.727114200592041,2.67738842964172,2.06473729014397,NA,0.421888202428818,1.11420258879662,0.767388701438904,0.615540325641632,0.230044633150101,0.0889035910367966,0.696655243635178,-0.160313859581947,0.104168772697449,0.775459140539169,0.512698456645012,0.928289771080017,12.3455762863159,2.59216892719269,-0.581873312592506,NA,0.613134264945984,0.357530027627945,1.04924619197845,0.784044086933136,0.800046622753143,1.24834045767784,NA,1.74737191200256
87,0.700372874736786,0.172513276338577,0.218590542674065,0.854021608829498,0.584655046463013,0.314505591988564,0.659499943256378,1.04805201292038,0.239462945610285,0.191837698221207,0.976585030555725,-0.372576165944338,1.49903284013271,0.391351759433746,0.834523975849152,0.781871140003204,0.0319111905992031,1.51459819078445,0.756767809391022,0.45606541633606,0.959889054298401,0.215361818671227,0.408618927001953,4.84360599517822,0.9022256731987,NA,0.76069338992238,0.300383329391479,1.95867216587067,-0.655058324337006,NA,-0.000287369359284639,NA,2.47230124473572,0.290234833955765,1.29199248552322,10.2225388884544,-0.0353386476635933,0.68181973695755,0.242941185832024,NA,2.11175346374512
88,0.0999314710497856,0.367855876684189,-0.144290533848107,0.682327419519424,0.685233235359192,0.420659482479095,0.665243566036224,0.476248443126678,0.528652846813202,0.504659742116928,3.39634227752686,-0.232346534729004,0.217204727232456,0.67005854845047,0.860420882701874,1.02892574667931,0.132207155227661,1.21797287464142,0.80178964138031,0.398961678147316,0.744698762893677,0.0707050487399101,0.802257418632507,0.0140217375010252,1.06466376781464,0.876540094614029,0.785024642944336,1.77856254577637,0.652279022382572,0.0533842816948891,-0.427838534116745,NA,0.468853324651718,NA,-0.658265352249146,6.75064325332642,0.63051825761795,-0.651364922523499,-0.405107602477074,0.622226178646088,0.98395630903542,-0.177328110206872
89,1.04527008533478,0.830956220626831,0.868413388729095,0.36517396569252,1.70160293579102,0.698707222938538,2.21380817890167,1.45483732223511,0.112891986966133,0.112504272721708,0.860495150089264,0.307468682527542,-0.128920920193195,0.426127851009369,0.560563266277313,-0.198115520179272,0.998015224933624,3.89045166969299,1.70151937007904,1.62931704521179,1.61932933330536,1.28726631402969,1.91617500782013,0.370596379041672,1.56670522689819,-0.10948046669364,-0.0200313851237297,0.81536790728569,1.34029722213745,0.760140895843506,1.50949639081955,1.31084221601486,0.635937824845314,-0.957507908344269,-0.204148858785629,1.80879342556,-0.333235740661621,0.572916746139526,0.63035586476326,-0.347709558904171,-0.215214818716049,-0.0910995602607727
90,1.80538100004196,0.457740545272827,-0.179009959101677,0.833750993013382,1.95202124118805,0.652350723743439,0.552574038505554,0.1686851978302,0.443225905299187,0.838710606098175,1.64872527122498,NA,NA,-0.0485303439199924,NA,0.338517695665359,0.263219282031059,-0.169427946209908,0.45248943567276,0.598895445466042,0.393355950713158,4.64943075180054,-0.64994703233242,0.314687252044678,0.618607178330421,3.92831563949585,2.20426225662231,0.161095283925533,7.0023775100708,NA,1.21988666057587,-0.900458097457886,1.08830171823502,1.61973428726196,-0.489957690238953,-0.694244086742401,0.779467940330505,0.836370497941971,0.805950105190277,0.0815254608169198,0.975839257240295,-0.065135084092617
91,-0.0502966791391373,-0.244941040873528,-0.134736686944962,0.112458199262619,0.0302849751897156,-0.210941158235073,-0.141595914959908,0.29953345656395,-0.209434226155281,-0.0569954586680979,0.400098115205765,-0.0875033363699913,0.044434230774641,-0.0670690406113863,0.732492923736572,-0.0996609516441822,-0.376849286258221,-0.319144517183304,0.134313687682152,-0.108397368341684,-0.0352441649883986,-0.31465557217598,-0.0724472962319851,0.580583572387695,0.999473720788956,-0.18203940987587,-0.3625528216362,-0.153397157788277,1.87551009654999,-0.232606619596481,-0.413138061761856,1.26539063453674,-0.066235139966011,NA,-0.18363057076931,0.201658308506012,0.0699518155306578,0.399776697158813,0.813343048095703,-0.094528017565608,-0.13185279071331,-0.13887631893158
92,3.16033124923706,1.28098678588867,1.41797411441803,NA,1.60127854347229,1.74984037876129,1.16822957992554,2.57285642623901,1.30545049905777,1.21347367763519,2.07408356666565,0.757704496383667,1.45096158981323,1.60116028785706,2.77784967422485,1.83707571029663,0.977261245250702,1.22257345914841,1.85361623764038,1.3435178399086,1.63019758462906,1.64683127403259,3.05519556999207,1.12300395965576,3.51062834262848,2.57932662963867,2.58269166946411,3.07118105888367,3.44058454036713,2.44263780117035,1.55291497707367,1.95708566904068,3.72436380386353,2.65433025360107,2.04936242103577,2.54200875759125,1.37405979633331,2.34587979316711,2.61934208869934,3.58368217945099,1.23376363515854,0.752547293901443
93,2.15160369873047,2.14696645736694,4.28825283050537,2.02207535505295,2.21271276473999,1.48333382606506,1.92579120397568,2.68922996520996,1.15704315900803,1.89655733108521,2.39461588859558,1.22959494590759,1.78209638595581,1.65145951509476,2.13235354423523,2.07811117172241,1.45555704832077,1.30803036689758,1.91817164421082,1.40716230869293,2.14044642448425,2.01481699943542,1.81594491004944,1.54377382993698,2.32596838474274,2.72819495201111,2.55830407142639,1.70164549350739,3.25055980682373,2.53361713886261,0.84739625453949,2.68124318122864,3.17814511060715,3.34269487857819,2.87010765075684,2.4491628408432,2.23843598365784,2.16179174184799,3.18710494041443,0.435648903250694,2.85680174827576,3.71450769901276
94,3.81296920776367,3.75106883049011,2.60189747810364,3.06163656711578,3.483562707901,1.03808045387268,3.93715453147888,3.71605372428894,1.17997050285339,1.032390832901,3.37201714515686,0.425471991300583,1.77709531784058,3.53847646713257,3.24883234500885,2.68963003158569,1.2166029214859,5.18835735321045,2.46135067939758,1.03985404968262,2.89997386932373,4.2971510887146,2.0435266494751,-0.0406081676483154,4.30083179473877,0.864109933376312,11.5012102127075,6.31453227996826,3.55181097984314,2.16975849866867,2.83479988574982,5.04334568977356,6.36262512207031,NA,0.767688989639282,4.78087425231934,2.37153840065002,1.90240013599396,4.7587616443634,4.19685220718384,2.97210025787354,2.68170475959778
95,0.130030423402786,0.108113057911396,-0.146573200821877,-0.655062615871429,0.828576683998108,-0.162931546568871,-0.00821326673030853,0.121990367770195,-0.049939127638936,-0.561298221349716,NA,NA,3.65778666734695,-0.330929458141327,0.210144206881523,-0.331274092197418,-0.0162871358916163,-0.343553401529789,0.21988208591938,0.652499377727509,0.0943324444815516,0.376072406768799,-0.458325266838074,0.346947193145752,0.3009352684021,NA,NA,0.0186827089637518,0.447572365403175,3.71995091438293,NA,0.250144273042679,0.159345410764217,-0.081532078795135,0.293011575937271,0.346446394920349,-0.132864087820053,0.883627653121948,0.150392614305019,-0.00727962469682097,-0.0403459183871746,-0.375448450446129
96,1.5076071023941,0.918177127838135,0.573500990867615,0.732856214046478,1.00962460041046,0.426228791475296,0.418756812810898,0.74542111158371,0.296187609434128,-0.15794737637043,1.77323961257935,0.581182777881622,0.561906039714813,0.680437624454498,1.70920127630234,0.504491627216339,0.194680467247963,0.767463803291321,0.480527430772781,0.406339198350906,0.781978994607925,1.00205206871033,0.758297801017761,0.779936552047729,1.91163074970245,0.637473911046982,1.58060646057129,1.16795992851257,1.92327773571014,0.956720113754272,0.12021416425705,4.31607758998871,0.311778008937836,0.726609885692596,0.717212498188019,0.716563612222672,0.42484387755394,0.383534610271454,1.04471218585968,0.798166066408157,0.878488957881927,0.195158287882805
97,-0.0236972384154797,-0.0368332155048847,-0.236040785908699,0.0695023089647293,0.376083664596081,-0.0668370649218559,0.0251043513417244,0.668028056621552,0.00865889433771372,0.0361807942390442,0.731772953644395,-0.108966052532196,0.418640643358231,0.129240930080414,0.598703563213348,0.241469234228134,0.326904743909836,-0.352509111166,0.285184413194656,-0.0139699084684253,0.018271878361702,1.91549611091614,-0.149636194109917,0.756042629480362,2.62476110458374,0.717294156551361,-0.15486615896225,0.538709878921509,0.120159655809402,0.0334093663841486,-0.767571181058884,NA,-0.654048144817352,NA,-0.307275846600533,-0.465880274772644,-0.34842523932457,-0.775780618190765,0.706591352820396,-0.0192112848162651,3.07199312746525,0.555128335952759
98,4.10866546630859,6.32546424865723,5.53703188896179,9.08602619171143,4.2993049621582,2.841881275177,3.83435845375061,3.86752676963806,3.81620717048645,2.29046177864075,3.64081537723541,1.2533848285675,4.77626800537109,3.36918234825134,4.35280585289001,4.6081235408783,3.30135869979858,6.63395214080811,3.3410017490387,3.61694765090942,5.64802360534668,4.95632886886597,12.973482131958,4.41163158416748,7.75325679779053,NA,1.0994439125061,8.23898220062256,4.03289389610291,NA,-0.788428902626038,9.59258222579956,NA,5.53876113891602,13.8882923126221,7.49192547798157,5.32964396476746,NA,12.6396751403809,1.24286425113678,0.268376797437668,5.89211225509644
99,0.128124639391899,-0.0641981065273285,0.0672877952456474,0.342211380600929,0.672585844993591,0.889625996351242,0.353294044733047,0.091923538595438,0.0694674253463745,0.268304109573364,-0.315843984484673,4.38062763214111,-0.129203170537949,0.299540609121323,0.399457663297653,-0.213576950132847,-0.177983485162258,0.23907533288002,0.492752373218536,0.247416369616985,1.33976468443871,0.327460318803787,-0.0435125045478344,0.10113375633955,0.562048465013504,-0.0532381534576416,-0.20464488863945,-0.119895160198212,-0.202404990792274,-0.193813979625702,0.262037916108966,0.216078042984009,0.627817809581757,0.115459688007832,0.133311303332448,0.197086095809937,-0.0479598864912987,0.18109792470932,0.0013369107618928,-0.0956864021718502,0.645496368408203,0.199224807322025
100,2.79502439498901,0.358773618936539,1.16665580868721,1.654137134552,3.01452350616455,2.07682728767395,2.7877082824707,3.53586053848267,0.0784504860639572,1.14560297131538,1.96230852603912,NA,NA,3.02192723751068,0.293922871351242,NA,1.34415924549103,4.14202642440796,1.50466096401215,NA,2.05858075618744,1.69551038742065,1.4913581609726,5.0418815612793,1.62934011220932,-0.243255481123924,0.0864055752754211,0.627657234668732,3.27745032310486,NA,-0.225433140993118,4.54502964019775,5.28179216384888,NA,2.49029779434204,1.87292623519897,1.03440165519714,1.05898261070251,1.872145652771,1.54800951480865,3.37810003757477,2.50991010665894
101,0.707233428955078,0.930310279130936,0.951258957386017,0.758675932884216,1.23094499111176,0.664779722690582,0.692053586244583,1.58720088005066,0.45527571439743,0.201574668288231,2.10110032558441,0.637122273445129,0.547231376171112,0.686370819807053,1.03927087783813,0.439125061035156,0.0419242708012462,0.673044085502625,0.651830732822418,0.313465893268585,0.313049405813217,1.76117312908173,1.30137676000595,1.21147894859314,1.95064288377762,1.09001457691193,0.528946056962013,1.20448440313339,2.15956145524979,1.0891056060791,0.299750059843063,8.61277961730957,0.658325016498566,0.870019048452377,0.342328131198883,1.8659930229187,0.730746507644653,1.54733633995056,1.2939019203186,0.847190201282501,0.853935569524765,1.11088800430298
102,6.30239534378052,4.93547224998474,5.54510712623596,5.20792579650879,5.21245837211609,5.10444450378418,5.40849423408508,5.17571187019348,4.65635395050049,5.10344696044922,5.78634476661682,5.74306774139404,5.4302966594696,4.99780368804932,5.54019021987915,4.69245934486389,3.78707134723663,7.92881917953491,5.19194555282593,5.61490249633789,6.11051607131958,1.51033163070679,3.06215012073517,NA,5.7760181427002,13.351095199585,3.59553128480911,4.17628717422485,4.98480081558228,3.75828766822815,2.97595167160034,8.97339534759521,NA,6.98792839050293,8.58344447612762,6.55028629302979,3.88027167320251,11.2397146224976,7.29238128662109,16.2306537628174,5.57782554626465,7.35411024093628
103,5.69993829727173,-0.511316806077957,2.86492586135864,6.37620449066162,7.15518498420715,3.88266891241074,6.68047213554382,4.18910551071167,5.07793378829956,6.22542476654053,7.85276174545288,0.21171535551548,0.452856779098511,1.2295456379652,3.05035400390625,0.870334029197693,2.96567678451538,3.6648291349411,4.31963491439819,-0.0249524544924498,6.28839206695557,3.57021510601044,0.100020810961723,2.89680051803589,3.83883774280548,-0.145843967795372,1.92176616191864,2.53959846496582,3.68472337722778,-0.275006026029587,-0.168445914983749,3.02309727668762,-0.0832398161292076,5.17467713356018,1.44969010353088,3.13568115234375,0.91740220785141,0.518027722835541,3.34551441669464,0.102587163448334,1.71225416660309,3.51928615570068
104,0.0267199706286192,0.181806869804859,-0.0998295843601227,0.820349872112274,-0.597769066691399,-0.481259614229202,-0.282454520463943,NA,-0.374691478908062,0.317903950810432,NA,NA,0.31938424706459,-0.40232640504837,NA,1.27608919143677,-0.0944632776081562,-0.357222557067871,NA,0.117726631462574,0.382889971137047,-0.253648538142443,6.20826244354248,0.158683434128761,NA,NA,1.06997516751289,-0.595035910606384,NA,NA,-0.242627859115601,2.20487534999847,-0.169540449976921,0.523963935673237,0.209835350513458,-0.221241496503353,-0.0211794623173773,0.217933163046837,-0.33209753036499,-0.137421458959579,-0.15789008140564,-0.0673906430602074
105,0.0537058338522911,0.745704710483551,1.08963114023209,2.70718169212341,1.23981630802155,-0.861045807600021,-0.159848839044571,0.198663540184498,0.748862981796265,NA,0.32307131588459,-0.376148343086243,NA,1.40817439556122,0.192920967936516,NA,NA,NA,2.34724843502045,0.270471096038818,1.90392946451902,0.828980445861816,1.82572507858276,NA,0.845061659812927,1.32842609286308,0.705676198005676,1.58513361215591,0.886217951774597,0.898138016462326,1.60313546657562,NA,NA,NA,NA,0.96634829044342,NA,NA,0.409264862537384,-0.0459202267229557,NA,NA
106,0.499163523316383,0.299133226275444,0.374415159225464,0.487511098384857,1.06149125099182,0.415308743715286,0.365903556346893,1.22683215141296,0.394686408340931,0.691731333732605,NA,NA,-0.403130769729614,-0.0333269946277142,-0.329075686633587,0.50051474571228,-0.0666986331343651,0.755413889884949,0.182693898677826,0.169674053788185,0.332554042339325,2.64908181130886,0.840586304664612,0.586488127708435,NA,NA,-0.0508449599146843,NA,NA,-0.960615932941437,-0.0757732149213552,-0.63170500099659,0.205728096887469,0.00577765190973878,0.639844328165054,-0.311310708522797,0.296252101659775,0.889383733272552,0.693115830421448,0.035569928586483,-0.0693439021706581,0.406095594167709
107,0.386665999889374,-0.466504842042923,-0.220186412334442,0.00704046338796616,0.931507706642151,-0.120842337608337,NA,3.98591458797455,-0.552672803401947,1.4415237903595,1.05056703090668,0.04201540350914,-0.388525813817978,0.0700250416994095,-0.259971588850021,-0.243574306368828,-0.305066473782063,-0.203526139259338,0.397124290466309,-0.474788337945938,-0.218563407659531,0.138890288770199,-0.802712142467499,-0.00266751553863287,0.444366067647934,0.0773113518953323,-0.0833649672567844,0.250536769628525,8.78291511535645,NA,NA,-0.0366348177194595,-0.167681112885475,-0.632099613547325,-0.0789632946252823,0.275887310504913,-0.167793028056622,-0.135046601295471,-0.027505524456501,-0.319428473711014,-0.152529686689377,-0.222256854176521
108,2.80406606197357,3.06991767883301,2.54651498794556,2.88424038887024,2.31261157989502,1.52178943157196,1.76326668262482,2.21639454364777,1.14969706535339,1.0446437895298,2.91475117206573,1.76608920097351,1.8109678030014,2.58328127861023,2.68086385726929,1.563920378685,1.04874968528748,1.63005024194717,1.9191483259201,1.26672685146332,1.26513183116913,1.65246713161469,2.71223664283752,2.29498195648193,3.12327265739441,2.13182282447815,3.63620245456696,2.81967544555664,3.50871324539185,2.63290357589722,3.47834134101868,3.2918860912323,1.72633159160614,2.67597579956055,2.19943928718567,3.48443627357483,1.92553186416626,0.905316114425659,2.98829030990601,4.02908706665039,0.529652059078217,2.94586443901062
109,2.49093413352966,0.889359474182129,3.61298072338104,1.98608005046844,0.822381764650345,0.147638183087111,1.4056870341301,-0.971565127372742,0.318378806114197,-0.239497967064381,NA,0.0590561162680387,2.04636001586914,-0.282697387039661,3.2023218870163,2.51141405105591,1.71952265501022,6.85611820220947,1.0604222714901,0.0358783267438412,0.519553959369659,0.480091273784637,0.770419836044312,-0.263348937034607,3.50562882423401,1.06439554691315,1.24536627531052,3.31447750329971,4.49235773086548,0.93805456161499,0.22730453312397,1.20961177349091,2.7719042301178,1.10715067386627,5.54036903381348,1.99159556627274,0.911230146884918,1.59056812524796,1.5394874215126,0.4132359623909,2.04370307922363,1.01268044114113
110,1.37887340784073,3.87634491920471,2.49002230167389,1.53714537620544,1.52119588851929,0.670216739177704,0.950977623462677,1.33889782428741,2.5104284286499,0.0805197358131409,2.4275997877121,0.787777185440063,NA,1.15887832641602,0.794029831886292,NA,2.70013689994812,-0.484884515404701,1.16579580307007,0.588509827852249,0.633426427841187,1.60486316680908,NA,NA,NA,NA,1.97516882419586,NA,0.218836024403572,NA,NA,1.64594209194183,NA,NA,0.458741307258606,1.5831755399704,NA,NA,0.116215944290161,NA,NA,-0.759288609027863
111,5.69794607162476,4.71169519424438,2.8453164100647,6.34039783477783,1.63353371620178,10.1479225158691,4.75153875350952,4.48311948776245,2.85150527954102,1.96590131521225,4.71068382263184,8.4801139831543,3.60506474971771,3.82143521308899,4.55606126785278,2.98960733413696,1.67401957511902,4.25788068771362,3.43594002723694,2.34261512756348,4.23197889328003,4.1941956281662,6.78489303588867,3.62253880500793,2.97834622859955,6.1442813873291,1.74441212415695,6.02679347991943,4.6913104057312,2.52649617195129,12.4683513641357,4.68026232719421,9.18838500976562,3.43713283538818,4.49001169204712,6.82467079162598,5.14794707298279,2.31692206859589,4.22507047653198,1.4836018383503,2.91519224643707,3.24754023551941
112,-0.266906142234802,0.289274767041206,0.0198680255562067,-0.0696245804429054,-0.192549586296082,0.0240517221391201,0.583709061145782,-0.145576238632202,0.111390493810177,-0.0511739272624254,NA,NA,0.71754789352417,0.553775399923325,2.32802087068558,0.538964331150055,0.213088467717171,-0.226095460355282,-0.324709087610245,0.135002285242081,0.546113848686218,0.78015461564064,-0.373124569654465,0.459892079234123,1.48577344417572,0.427111657336354,-0.0479258894920349,0.187606051564217,-0.863317310810089,-0.112003415822983,1.17075887322426,2.45126795768738,0.242913998663425,-0.0151983629912138,0.0226215794682503,0.115077601745725,0.0653694272041321,0.365108400583267,0.448251485824585,-0.0778783895075321,-0.130122415721416,-0.00657320162281394
113,1.74007201194763,1.71853107213974,2.41263389587402,4.21361303329468,1.46792370080948,2.16061401367188,1.0159572660923,3.06867957115173,1.68536293506622,1.99976354837418,NA,2.68936914205551,1.16770780086517,3.41603434085846,1.60575556755066,1.50594639778137,1.00589138269424,2.95552206039429,2.65207195281982,1.57651990652084,1.96857011318207,4.33119964599609,2.40993428230286,2.06421113014221,3.38589173555374,3.96340548992157,2.25794363021851,1.98220902681351,2.02100348472595,1.15931747853756,-0.0946144163608551,0.818825840950012,5.6149582862854,2.33274221420288,3.31190490722656,3.00427317619324,1.55125725269318,1.88144540786743,0.722213804721832,0.940381765365601,2.03647971153259,1.51667928695679
114,-0.0776673555374146,1.32914197444916,NA,-0.0898023918271065,0.994538545608521,0.635606348514557,0.572162091732025,1.36956822872162,0.678211152553558,-0.519858360290527,0.892997622489929,0.157156944274902,0.166524786502123,0.313350588083267,0.973946332931519,0.81860476732254,NA,NA,0.626714408397675,-0.00927182845771313,NA,2.83623713254929,-0.0350136235356331,-0.563051521778107,1.85598480701447,-0.342100337147713,NA,7.55891609191895,0.691199392080307,0.721945822238922,NA,NA,0.352539718151093,NA,NA,2.3992335498333,NA,NA,NA,10.0729761123657,NA,5.53080749511719
115,0.547732472419739,NA,0.83886992931366,0.020984910428524,0.270834505558014,-0.194932132959366,0.153015077114105,0.160661391913891,-0.240900553762913,NA,0.800391376018524,0.442537643015385,-0.2769855260849,0.52177220582962,0.156707815825939,NA,NA,NA,0.559124410152435,0.545307159423828,-0.316777735948563,0.0784351825714111,0.0759677141904831,0.100836526602507,0.554313570261002,0.5436991751194,1.01813384890556,-0.0768440365791321,0.282792448997498,0.350484363734722,1.0970293879509,-0.0741361454129219,-0.388739913702011,0.655983090400696,-0.115685187280178,0.455305993556976,-0.51864567399025,0.264947708696127,0.246458575129509,0.839111685752869,1.08508977293968,-0.254735730588436
116,3.46376776695251,2.41253757476807,4.9787335395813,4.12879323959351,3.40696477890015,0.803524851799011,3.85947704315186,3.73971390724182,1.95763158798218,2.78111243247986,3.74749898910522,4.80698770284653,3.03667843341827,2.87989735603333,4.66193532943726,1.64142298698425,2.23185008764267,3.46050310134888,3.46113502979279,2.08636558055878,3.55913913249969,5.9759304523468,3.36297750473022,1.87268114089966,4.37250924110413,1.60195228457451,2.76423585414886,4.81552362442017,3.92452216148376,2.07901883125305,2.70138931274414,2.45547103881836,2.38383913040161,4.86120223999023,5.03569173812866,3.99095177650452,-0.0301744323223829,6.15676380693913,3.71287143230438,0.578144490718842,2.38061380386353,2.68000316619873
117,-0.0183981377631426,0.0294509287923574,0.721990942955017,0.624161124229431,-0.112449891865253,-0.0814682319760323,0.442388564348221,0.739939540624619,0.669745594263077,0.0356438560411334,1.0687495470047,NA,-0.0792230367660522,0.102298445999622,0.989950776100159,-0.716627717018127,0.466039955615997,0.380010075867176,0.445002555847168,0.802134454250336,0.43553264439106,0.450263023376465,0.710374712944031,0.195914715528488,-0.328331328928471,NA,NA,1.97761994600296,2.62858739495277,NA,-0.286240011453629,-0.239060521125793,NA,NA,-0.165331214666367,0.658755660057068,NA,NA,0.159990221261978,0.32809454202652,-0.385343328118324,-0.11415696144104
118,1.30627131462097,1.8552041053772,0.882199704647064,5.6558985710144,1.11440753936768,1.68695598840714,2.80459839105606,2.6528731584549,1.00027665495872,1.37426573038101,1.03346383571625,1.40952491760254,2.07558083534241,0.919233739376068,3.0594494342804,1.9680278301239,0.493363350629807,5.29581475257874,1.58647045493126,1.30828726291656,5.32850790023804,2.79008030891418,1.99003124237061,NA,7.81975197792053,1.34239745140076,6.31418800354004,-0.0242508985102177,6.71906900405884,1.81398856639862,-0.202385257929564,-0.0698239654302597,2.4501044601202,0.897687315940857,8.44248208403587,-0.750476181507111,0.449606388807297,3.05210971832275,2.84935596585274,1.67592096328735,NA,13.4520978927612
119,4.92347013950348,2.60926163196564,3.65233135223389,2.3252739906311,2.07554596662521,2.15299820899963,2.56002807617188,2.85866832733154,1.77132225036621,3.5388993024826,3.13882994651794,1.4701589345932,2.0626757144928,2.1546191573143,3.07845115661621,2.55831670761108,1.81678581237793,3.84424555301666,5.64814519882202,2.21649265289307,2.89574193954468,3.40222191810608,3.29494094848633,2.24996471405029,3.22727155685425,2.88188004493713,2.6548478603363,2.67021822929382,3.83666348457336,3.88298094272614,2.93355846405029,4.24454689025879,2.58880829811096,2.82995080947876,1.9074774980545,2.86592280864716,2.39467489719391,2.90787863731384,3.19645202159882,2.62427616119385,1.82080912590027,2.50976204872131
120,0.632486879825592,-0.102427702397108,0.0441469270735979,-0.240617461502552,0.987796485424042,-0.42652839422226,-0.357319876551628,-0.153495654463768,-0.0138430604711175,-0.556706577539444,5.53920596837997,-0.0756829231977463,-0.542164549231529,0.248272977769375,-0.0675376653671265,0.0605264157056808,-0.400998473167419,0.151533622294664,0.0767741724848747,-0.147559493780136,-0.187837593257427,0.305865377187729,1.08490458130836,-0.0346250236034393,-0.188645631074905,0.294044531881809,0.95715469121933,-0.0956023819744587,NA,-0.312414556741714,0.62292891740799,-0.0549650229513645,0.4263064712286,-0.272463977336884,-0.422917097806931,0.0444872379302979,-0.166693530976772,0.39094066619873,0.0199693962931633,-0.124927654862404,-0.0195329692214727,-0.199225381016731
121,0.0253519378602505,-0.320038020610809,-0.213641300797462,0.00304201012477279,0.598579108715057,-0.351716682314873,-0.652661323547363,0.097562687471509,0.267385393381119,-0.255564421415329,-0.143411710858345,-0.589271709322929,0.56745845079422,0.441131353378296,-0.0115037485957146,0.219436824321747,-0.310022607445717,0.710681736469269,0.409705936908722,-0.323622867465019,-0.149998933076859,1.69324016571045,-0.558299839496613,1.28035688400269,0.896216332912445,NA,0.115065708756447,NA,NA,NA,1.37311923503876,-0.50328566133976,0.375842601060867,-0.428922712802887,1.69812726974487,0.229577258229256,-0.467936843633652,0.737036764621735,-0.0413818992674351,-0.118235874921083,-0.262888163328171,-0.316600829362869
122,0.309430032968521,-0.30534228682518,0.100199051201344,0.557757556438446,0.065553231164813,0.249838173389435,-0.612633645534515,0.289702787995338,0.689732670783997,-0.34938146173954,1.58723926544189,-0.0579816810786724,2.47501730918884,-0.354709565639496,-0.0467859134078026,0.0936611667275429,-0.594377040863037,0.966204196214676,0.1338160187006,0.265307813882828,-0.112348772585392,0.375907421112061,-0.359098881483078,0.275895208120346,0.344936847686768,-0.8025743663311,0.826623260974884,-0.74509459733963,0.685248851776123,0.406690835952759,-0.753753364086151,-0.10889571160078,-0.157919764518738,NA,-0.516359090805054,0.411297112703323,0.0619141925126314,1.69803535938263,0.141800686717033,-0.0213059894740582,0.0829640477895737,-0.0293798092752695
123,3.76838421821594,1.13725131750107,6.94550043344498,10.5773360729218,3.37864112854004,3.29571437835693,3.13687324523926,3.54633402824402,3.93170356750488,NA,2.59030175209045,NA,5.49533224105835,6.37858080863953,3.7781069278717,2.13135661184788,2.833136677742,NA,3.67651522159576,2.19634628295898,2.14739561080933,7.89665770530701,6.12208461761475,NA,5.57164001464844,6.37386648077518,12.0914068222046,NA,6.24120736122131,4.17251944541931,3.76639807224274,4.04998970031738,NA,NA,NA,6.14682769775391,4.30673372745514,NA,6.22862982749939,3.73892188072205,NA,10.6016645431519
124,6.74428796768188,NA,9.07231211662292,9.33023738861084,3.711266040802,7.96807384490967,5.22459840774536,6.60715055465698,NA,3.84018135070801,1.87976937741041,NA,2.60659384727478,7.23436570167542,5.81816291809082,6.79017877578735,4.28879070281982,7.32464170455933,4.51434230804443,6.7315046787262,6.34435606002808,NA,8.65317153930664,NA,NA,NA,NA,7.6447548866272,NA,NA,11.7369184494019,3.65316808223724,NA,5.33785557746887,10.0600070953369,10.0132217407227,7.89925956726074,NA,NA,13.9734706878662,2.78757691383362,NA
125,4.52758264541626,0.460388273000717,1.53230285644531,5.70381486415863,14.7093305587769,0.48977991938591,2.85987997055054,-0.125945940613747,0.638341844081879,3.1937415599823,3.46242690086365,0.46899139881134,0.81048572063446,0.325939416885376,0.657804071903229,0.631421089172363,1.10567951202393,0.843518733978271,1.12049305438995,0.682549923658371,2.50258040428162,NA,1.65644696354866,-0.296675890684128,2.96553730964661,0.00581420585513115,1.20256161689758,1.27402329444885,5.44823217391968,0.433081015944481,1.06905627250671,2.00914430618286,1.13867270946503,1.52056753635406,0.847939372062683,2.5478755235672,1.01480719447136,1.42776536941528,1.30290246009827,0.268003955483437,0.724472373723984,0.391518473625183
126,2.14040088653564,2.09916567802429,2.71979117393494,1.66530859470367,7.810870885849,1.73320960998535,0.944683134555817,6.6798734664917,1.75469839572906,-0.199930608272552,NA,7.3109859675169,2.23516058921814,2.27250075340271,2.40428233146667,1.8453369140625,1.3238810300827,3.21061110496521,6.37408638000488,1.67463439702988,1.68971449136734,3.36382699012756,4.86143851280212,2.61199927330017,3.51433742046356,3.20545840263367,2.92110824584961,2.787672996521,3.74896311759949,3.3101966381073,3.47861421108246,4.4192042350769,4.12824392318726,2.59701561927795,3.75519990921021,4.05916500091553,1.97983229160309,2.75755786895752,3.37417197227478,3.0033655166626,1.5724356174469,1.67586761713028
127,1.19799953699112,0.396791815757751,0.824384272098541,1.00568568706512,1.55228018760681,-0.302320621907711,-0.507976770401001,5.4468297958374,-0.220191165804863,0.238643452525139,1.008226364851,0.526972621679306,0.642316967248917,-0.0720871090888977,3.39266633987427,0.172176107764244,0.453270256519318,1.46393370628357,2.16933441162109,0.676010429859161,-0.151942566037178,1.37656283378601,-0.306161731481552,0.672712802886963,1.82976716756821,0.988260507583618,0.568318784236908,0.302554696798325,0.286042213439941,0.084434412419796,0.24078805744648,1.57619655132294,1.06366801261902,0.546576887369156,0.645368278026581,1.09383499622345,0.3947973549366,1.09297513961792,1.58152389526367,0.950936675071716,0.723393678665161,0.515711754560471
128,-0.235392808914185,-0.27741140127182,-0.351978361606598,-0.0596932284533978,-0.343949049711227,-0.254937738180161,-0.283918559551239,0.0226716790348291,-0.212991662323475,-0.413791105151176,0.681837320327759,-0.0830554589629173,-0.124817855656147,-0.16963966935873,0.0336539000272751,-0.252049744129181,-0.186673358082771,-0.237482480704784,0.339020073413849,-0.200547143816948,-0.266383245587349,0.919282495975494,-0.448928505182266,-0.146257363259792,-0.162278339266777,-0.223400384187698,-0.122184842824936,-0.254689621739089,0.354549236595631,-0.2553870677948,-0.0428989490028471,1.98120146989822,-0.45688670873642,-0.565931856632233,-0.210445165634155,0.932392954826355,-0.239077225327492,-0.398328542709351,-0.435149967670441,-0.266585528850555,-0.384571760892868,-0.0744991600513458
129,4.14589738845825,3.59784126281738,2.40029549598694,4.11132144927979,2.86109209060669,2.93329286575317,4.91966199874878,4.48044919967651,2.42939376831055,1.22026034444571,3.78422236442566,3.59670826792717,1.02728295326233,8.10459232330322,2.91643357276917,2.5900102853775,2.07265138626099,4.86457085609436,2.87311816215515,1.66752064228058,3.93064522743225,2.98486042022705,4.06033706665039,2.02331233024597,4.03505325317383,3.37310433387756,2.38265228271484,2.89488387107849,3.95542669296265,3.2143862247467,2.68764793872833,4.96425867080688,5.99277114868164,3.26785790920258,4.36239147186279,2.88405466079712,2.42493033409119,2.85428810119629,3.70535731315613,2.79525351524353,1.9441642165184,2.85047960281372
130,0.837182283401489,0.348154246807098,0.389709711074829,0.740939885377884,0.317745953798294,0.264297291636467,0.266485407948494,0.632274508476257,0.918521761894226,0.55045822262764,-0.521078139543533,-0.202005356550217,-0.07297183573246,-0.00257493043318391,1.02034536004066,0.98556113243103,0.64950829744339,5.11747646331787,0.425707072019577,0.0917970687150955,0.491520568728447,1.13255476951599,-0.153077255934477,0.912948876619339,NA,5.454918384552,0.367484033107758,0.152781777083874,1.56340432167053,0.852654159069061,1.82245221734047,NA,0.926669239997864,NA,-0.0388372391462326,0.637719854712486,0.0849741101264954,-0.0332042537629604,1.07828211784363,-0.599909842014313,0.713981926441193,1.67726814746857
131,0.807270337827504,0.00233395118266344,0.581125259399414,0.21755088865757,-0.89922884106636,-0.357511967420578,0.345871269702911,0.705228805541992,-0.119109598919749,0.0840075239539146,0.211350172758102,-0.630735337734222,1.13848102092743,NA,0.203054964542389,-0.249879684299231,-0.0809581782668829,0.255222365260124,-0.0627489611506462,0.628425896167755,0.510212898254395,-0.126900669187307,-0.686161711812019,0.352709010243416,0.662375897169113,-0.803076863288879,-0.539614737033844,NA,0.809353888034821,-0.154509460553527,NA,-0.333165198564529,-0.271325156092644,0.615710914134979,-0.270317211747169,-0.180465295910835,-0.34845843911171,1.48672831058502,-0.184413582086563,-0.14214039593935,-0.0454049240797758,-0.196457259356976
132,0.194605261087418,-0.0851455330848694,0.648184295743704,0.865800678730011,0.44852402806282,-0.00840192474424839,0.540150344371796,0.369192898273468,0.146284408867359,0.0873958244919777,1.1273033618927,-0.420712441205978,0.16407809779048,0.207911506295204,1.07817435264587,4.43158841133118,0.682633906602859,-0.251093417406082,0.123628914356232,1.08265364170074,-0.167221248149872,0.131996273994446,1.3009397983551,0.0633722916245461,0.52858417108655,2.71913500130177,1.35516762733459,1.20426380634308,0.391639694571495,0.368784978985786,-0.252532951533794,0.616985857486725,NA,NA,NA,1.25260871648788,-0.436254814267159,7.32910394668579,-0.191138613037765,-0.677764475345612,1.52982449531555,1.15141290426254
133,3.36225187778473,3.32555729150772,4.6348183453083,5.8454122543335,3.58090853691101,2.58034694194794,3.26770281791687,5.33315682411194,2.37066757678986,1.53737491369247,1.72287499904633,1.22126483917236,2.77512979507446,1.69314879179001,2.82422518730164,2.5459885597229,2.6227468252182,4.41519594192505,3.17929553985596,1.81040006875992,3.47818541526794,1.37231743335724,1.57047319412231,6.43886375427246,6.13370847702026,4.42002937197685,7.24457120895386,4.78404450416565,5.72822761535645,NA,NA,4.93330192565918,0.852829575538635,5.95252275466919,4.37289047241211,4.08347511291504,1.50004887580872,0.214723393321037,3.65393877029419,13.7208642959595,5.43207836151123,5.46243357658386
134,1.61035335063934,0.150277707725763,2.00175976753235,3.69818639755249,4.00104141235352,1.54167819023132,0.588125944137573,3.58045816421509,-0.398307144641876,1.719522356987,NA,1.7208731174469,1.67539811134338,3.90029096603394,3.33942651748657,3.64469909667969,2.66656470298767,0.634206533432007,1.87873423099518,1.20943415164948,2.12926000356674,NA,NA,NA,1.89519834518433,NA,NA,NA,2.74607706069946,NA,NA,4.54288029670715,NA,6.93417358398438,1.30421328544617,9.07903003692627,NA,1.6788889169693,1.60037947446108,NA,0.880291640758514,4.35064515471458
135,0.638320595026016,0.0821409672498703,0.00587565079331398,0.485106289386749,11.8278541564941,0.323557615280151,NA,-0.77486252784729,0.0887653082609177,0.576307654380798,NA,NA,0.0999195873737335,NA,-0.205143705010414,0.227598831057549,-0.0323491897433996,-0.0700567364692688,-0.261177837848663,-0.0509961107745767,0.68536114692688,1.75014865398407,-0.945861637592316,0.471045836806297,4.54357576370239,NA,0.200238525867462,-0.923027455806732,NA,NA,0.145069748163223,2.95539355278015,0.0333014912903309,0.502507388591766,0.292821563780308,0.50249744951725,0.448316633701324,0.416634529829025,-0.211578741669655,-0.0785745978355408,-0.0880185440182686,-0.0466873291879892
136,0.991509318351746,-0.233729690313339,-0.17659205198288,-0.0412571653723717,0.422166079282761,-0.0397918876260519,-0.155206084251404,-0.121256768703461,-0.343136429786682,-0.212389372289181,0.429163008928299,0.0561579577624798,-0.122566606849432,-0.0698729604482651,0.0347823537886143,-0.204853788018227,-0.279767900705338,0.257713926956058,-0.215477593243122,-0.260814473032951,0.142570167779922,0.123486489057541,-0.202450916171074,0.0810696836560965,0.168808966875076,-0.191319763660431,-0.18428148329258,0.0210009585134685,0.315054535865784,-0.231728300452232,0.277641609311104,0.580390721559525,-0.0774583630263805,-0.874345183372498,0.112740062177181,0.151124283671379,-0.0785273537039757,0.0752035789191723,0.159255996346474,0.00391390640288591,0.0397802256047726,-0.132553264498711
137,0.383452922105789,-0.00308543699793518,-0.269028306007385,0.00182782998308539,1.57209593057632,-0.052012387663126,0.0290304967202246,2.67491555213928,-0.0265966514125466,-0.247403956949711,1.48378729820251,-0.576649487018585,-0.0505262315273285,-0.0252944813109934,0.784156620502472,0.0229240013286471,-0.295271322131157,0.00163568928837776,-0.130771398544312,-0.132627233862877,-0.0342439599335194,1.53274357318878,-0.17078610882163,0.250558637082577,NA,NA,-0.0305829227436334,0.486972242593765,NA,-0.229245856404305,-0.328096210956573,-0.0976066440343857,-0.264305353164673,-0.7006676197052,0.223199293017387,1.15244257450104,0.107516746968031,0.691661477088928,2.05323910713196,-0.129806831479073,-0.0676070228219032,0.128646053373814
138,3.08254361152649,0.75160613656044,1.09301140904427,-0.0981104969978333,2.73401212692261,0.176592946052551,2.16936326026917,1.41444277763367,0.387204647064209,0.941100180149078,2.03113889694214,0.207850635051727,0.558708608150482,0.221525464206934,0.9756960272789,0.382478356361389,0.115405660122633,0.608096063137054,1.43344926834106,0.33896467089653,0.942413926124573,2.91866743564606,0.731085360050201,1.08374392986298,2.00030291080475,0.774016380310059,0.95886018872261,1.04610371589661,2.4805965423584,0.942386716604233,0.554822862148285,0.798958778381348,1.55041414499283,1.190334379673,1.07794904708862,1.94213742017746,1.15512943267822,0.719612061977386,1.69765424728394,0.730979382991791,0.366755872964859,1.91321849822998
139,1.31783127784729,0.798631250858307,2.62885785102844,0.529080748558044,1.22295881807804,0.513513088226318,0.387032642960548,1.06837302446365,0.333651930093765,0.46528884768486,-0.0313838608562946,0.552545011043549,0.878319293260574,0.2465660572052,0.484388589859009,1.99377956986427,0.16871240735054,NA,1.74187529087067,0.40987803041935,0.0758152604103088,NA,0.250656098127365,-0.789353787899017,2.62895154953003,-0.0350411785766482,0.925844550132751,0.882132589817047,-0.0383963100612164,0.281212940812111,-0.322200417518616,NA,NA,NA,NA,1.50368857383728,0.428216457366943,NA,NA,2.57437372207642,NA,-0.412402212619781
140,3.04644441604614,1.27808612585068,0.826846718788147,2.20871132612228,0.192996650934219,1.07066988945007,-0.310077548027039,1.06152856349945,0.808459937572479,-0.110418178141117,1.5881826877594,0.469364508986473,0.594675272703171,-0.0121815325692296,1.41598123311996,0.547097474336624,0.174171023070812,1.20522212982178,2.11941695213318,0.642746925354004,0.756841689348221,1.93294245004654,1.03926599025726,0.650396227836609,1.32660633325577,1.25997245311737,1.18761503696442,0.644395709037781,2.26640772819519,1.48801159858704,0.728288471698761,3.31753396987915,1.48254239559174,1.09475272893906,0.953981220722198,1.87015867233276,0.709067285060883,0.450864881277084,1.51903820037842,1.18208074569702,0.959408223628998,0.969806015491486
141,0.337283298373222,-0.206293478608131,-0.17603962123394,-0.435556083917618,-0.508095443248749,-0.360057935118675,NA,-0.587620258331299,NA,-0.335356265306473,NA,NA,2.54020690917969,NA,1.14804446697235,-0.16931289806962,-0.133494846522808,-0.252198606729507,NA,-0.308488979935646,0.268162116408348,0.71357786655426,NA,-0.216382279992104,1.6660293340683,NA,-0.0468522608280182,NA,NA,NA,1.73236665129662,-0.374761819839478,-0.0346923284232616,-0.771802723407745,-0.0759213268756866,-0.258429080247879,-0.0751457437872887,-0.0362254693172872,0.121386259794235,-0.161910086870193,-0.240387625992298,0.0658368915319443
142,0.0533096976578236,-0.160199120640755,-0.047039195895195,-0.462970405817032,-0.130424916744232,-0.281825870275497,-0.350332222878933,0.138906673993915,-0.214988358318806,-0.476625055074692,0.762312203645706,-0.275896340608597,-0.370777696371078,-0.270547091960907,0.740076780319214,-0.306642055511475,-0.120746642351151,-0.99985259771347,-0.414254367351532,-0.275119930505753,-0.0583859942853451,0.456981301307678,-0.420148983597755,-0.071186788380146,0.0997641105204821,-0.172991469502449,1.50202369689941,-0.354914098978043,1.94358646869659,-0.152349390089512,0.166462257504463,0.98002265393734,-0.219211429357529,2.78990149497986,-0.660431027412415,0.20162694901228,-0.0154371112585068,-0.398422222584486,0.425260126590729,-0.394030839204788,0.387633718550205,0.111041754484177
143,1.23409974575043,0.475577086210251,0.556713849306107,0.456779778003693,0.49168786406517,0.451460510492325,0.740735024213791,0.829514175653458,0.405215635895729,0.450325638055801,1.26122486591339,0.335990607738495,0.600938320159912,0.568742394447327,1.04598617553711,0.367900103330612,0.951491922140121,-0.531624257564545,0.721104919910431,0.333821713924408,0.445268839597702,0.263972699642181,0.578378736972809,0.445214629173279,4.15409934520721,0.0710512697696686,0.0588483549654484,-0.0278452895581722,2.61352737247944,0.448337405920029,0.582520812749863,NA,NA,NA,2.20789265632629,0.288474291563034,0.406444311141968,1.92734742164612,NA,1.1491331756115,1.02812159061432,0.967649161815643
144,1.35710138082504,0.603067308664322,0.254231423139572,1.15711036324501,0.304131269454956,-0.324238449335098,3.16745710372925,NA,0.166017338633537,0.335776403546333,NA,NA,0.914131224155426,NA,-0.188223958015442,1.84758067131042,0.0714547857642174,0.343206256628036,NA,3.21465742588043,0.720183745026588,NA,NA,NA,NA,NA,2.03206205368042,NA,NA,NA,1.80318522453308,-0.742147505283356,-0.311411201953888,1.31623244285583,2.71988600492477,5.04036712646484,1.48119759559631,1.27401769161224,NA,-0.16750468313694,0.0646341443061829,-0.123243279755116
145,0.731294810771942,0.489557772874832,-0.0413065738976002,1.17494869232178,0.121044285595417,0.233375132083893,1.05995333194733,0.651097893714905,0.382892638444901,-0.00912805180996656,0.0770830400288105,0.0929414466954768,0.0531811341643333,-0.0645739361643791,0.58619299530983,0.606866210699081,-0.184950068593025,1.47017431259155,0.462331533432007,0.083726592361927,1.16116690635681,0.324614197015762,-0.0197847178205848,0.612667381763458,1.16190814971924,0.38191169500351,0.349108397960663,0.539611101150513,0.0555382524617016,0.288422822952271,-0.0409392677247524,10.4120006561279,-0.316824458539486,-0.333134531974792,-0.197327245026827,0.547662809491158,0.279165834188461,0.49049636721611,1.12699949741364,0.162260554730892,0.548496901988983,-0.514155328273773
146,4.19198188185692,-0.00431442633271217,-0.315815225243568,-0.284520275890827,-0.0311169046908617,0.429737061262131,0.239285677671432,-0.45335066318512,-0.0816828534007072,NA,NA,-0.146619841456413,NA,1.43394112586975,-0.0766944140195847,-0.033621730748564,-0.499146983027458,-0.212770119309425,0.549933046102524,0.550409972667694,-0.284138552844524,0.4739610850811,-0.649974226951599,-0.0897275432944298,NA,1.58510494232178,-0.123042330145836,1.27378821372986,NA,NA,NA,1.611199259758,-0.403928130865097,-0.0833240076899529,-0.146532580256462,0.396480642259121,-0.21905092895031,-0.0969770476222038,0.324114620685577,-0.136640079319477,-0.150917313992977,-0.167093560099602
147,0.430573314428329,0.18633808940649,0.808571338653564,0.711523950099945,0.291170954704285,0.492118924856186,0.458360195159912,1.11804455518723,0.389352589845657,0.320213109254837,NA,3.51288032531738,0.142519764602184,-0.246188223361969,0.432521790266037,0.284426927566528,-0.0239132577553391,-0.0854193046689034,0.833516120910645,0.531076073646545,0.366429954767227,0.840439409017563,0.505266487598419,0.167279496788979,NA,-0.0034151547588408,0.474102184176445,0.120901040732861,1.18332231044769,-0.618665337562561,-0.373886793851852,-0.37237611413002,1.89944931864738,-0.672064006328583,0.421245038509369,0.532017908990383,0.413343012332916,0.270583622157574,3.01777124404907,-0.214699290692806,0.88792097568512,-0.0345881022512913
148,0.171610571444035,-0.0296263480558991,-0.0663249790668488,-0.014576468616724,1.80694913864136,1.44911599159241,-0.110993411391973,2.58514451980591,-0.736525177955627,0.0454442277550697,NA,-0.891227245330811,0.442360490560532,-0.263594966381788,0.136346310377121,0.170052446424961,-0.223593026399612,0.222701594233513,0.366024252027273,-0.105168677866459,0.10069065541029,0.910762310028076,-0.53884169459343,0.360597357153893,-0.28722158819437,-0.23143669962883,0.211087509989738,-0.482840538024902,0.772728025913239,-0.720999717712402,0.243275940418243,-0.323465347290039,0.196246735751629,1.49992740154266,-0.0371673153713346,0.315102096647024,0.0141876945272088,0.259875744581223,0.416084378957748,-0.0562095828354359,-0.110701456665993,-0.0945452041924
149,-0.518237203359604,-0.175435066223145,-0.0532068684697151,-0.497093677520752,NA,0.303625285625458,-0.123219400644302,NA,-0.116292603313923,-0.320524089038372,NA,0.0947137475013733,-0.541810274124146,0.0524431504309177,0.226012080907822,0.267581403255463,-0.015188604593277,0.172145783901215,NA,-0.0246152114123106,0.728103518486023,-0.427592992782593,-0.330661863088608,-0.102806895971298,0.89092019200325,0.138470098376274,-0.156959131360054,-0.209763705730438,2.4012224636972,-0.0299792885780334,-0.531083196401596,0.890922874212265,-0.0996740534901619,NA,-0.209957346320152,-0.287693589925766,-0.145479753613472,0.387494474649429,0.0582206919789314,-0.0892754383385181,-0.182335555553436,-0.0398644655942917
150,0.998963534832001,0.345070376992226,0.495863378047943,0.984590709209442,0.747506976127625,0.27741539478302,0.547256410121918,1.89456760883331,-0.186760202050209,0.233874961733818,NA,-0.069878451526165,0.573074162006378,0.142757296562195,1.02277234941721,0.578767538070679,0.0572587717324495,-0.112571986857802,0.517160922288895,0.415349423885345,0.627495110034943,1.19138169288635,0.404307402670383,0.0813540071249008,NA,-0.993545234203339,-0.205310449004173,3.20756959915161,NA,0.863307535648346,-0.338479816913605,NA,0.706747233867645,1.42819619178772,0.920454859733582,0.140684515237808,-0.10050168633461,0.749055564403534,0.642208218574524,2.58778500556946,0.934940695762634,0.684718400239944
151,0.469047218561172,-0.0272280126810074,-0.183643467724323,0.395728081464767,-0.125181041657925,0.0108141405507922,-0.114935774356127,0.0408851578831673,-0.00516374642029405,0.146209344267845,0.513717532157898,0.236329928040504,0.137302622199059,0.300165474414825,0.500001162290573,0.417114794254303,0.842053413391113,-0.342418432235718,1.68899241089821,0.0450775995850563,0.0255894605070353,5.02091150730848,-0.433961912989616,0.278324961662292,-0.633844077587128,0.393562646582723,0.546000376343727,0.171365141868591,NA,0.237147301435471,-0.242009095847607,NA,-0.285692691802979,NA,-0.209530562162399,0.953699052333832,0.750162750482559,1.44443929195404,0.24907460808754,1.0170487165451,-0.323859602212906,-0.12152604572475
152,0.472872495651245,0.335800230503082,0.193285256624222,0.8502157330513,2.5437695980072,0.347359605133533,0.226337179541588,-0.839792668819427,-0.0493685379624367,0.473182156682014,NA,NA,0.476792633533478,NA,5.14315414428711,0.501621700823307,0.201062932610512,0.00501641305163503,0.525892972946167,-0.371720090508461,0.768310129642487,NA,NA,1.59955370426178,NA,NA,0.769255623221397,NA,NA,NA,0.441278994083405,2.01317429542542,1.14959943294525,0.536667227745056,0.36366018652916,NA,0.126143984030932,1.02924776077271,1.32137903571129,0.15404723957181,-0.0455120336264372,-0.0196236539632082
153,NA,-0.388609647750854,-0.0475195981562138,9.84836369752884e-05,-0.785583972930908,-0.368761986494064,NA,NA,-0.687144696712494,-0.385868757963181,NA,NA,-0.484648585319519,NA,NA,-0.144275903701782,-0.15236197412014,0.450932681560516,NA,-0.30012983828783,-0.101787537336349,NA,NA,3.97383332252502,NA,NA,-0.791294515132904,NA,NA,NA,NA,0.836305418983102,-0.139743112027645,3.90186166763306,0.494354575872421,NA,0.843375384807587,0.815114587545395,0.907096922397614,0.421825274825096,-0.181382417678833,0.199432156980038
154,3.54202628135681,0.498252242803574,-0.221218205988407,0.663905829191208,3.33490824699402,-0.0905930753797293,-0.0014242734760046,4.08668327331543,1.01602527499199,-0.246582396328449,NA,-0.0178465954959393,0.82248866558075,-0.00459051132202148,NA,-0.0747389066964388,-0.329631358385086,-0.462788641452789,1.53482860326767,0.664523601531982,0.900371074676514,0.259754538536072,-0.326741576194763,0.71218341588974,0.934146344661713,-0.251804351806641,-0.513758584856987,-0.0514976270496845,NA,-0.35588002204895,-0.35634458065033,0.249271869659424,-0.117685914039612,NA,1.1670385748148,0.896033942699432,0.566555917263031,3.74788093566895,-0.284296274185181,0.994124948978424,1.53932046890259,1.21919441223145
155,-0.177011281251907,-0.359078764915466,-0.306413233280182,NA,-0.460637509822845,-0.378109306097031,1.88451635837555,-0.48191637173295,-0.2598817050457,-0.337930709123611,-0.553650364279747,-0.31516307592392,-0.077950194478035,-0.345316201448441,-0.24488453567028,-0.132070079445839,-0.167956613004208,-0.307126559317112,-0.0873764082789421,-0.317512258887291,0.389489576220512,-0.225713238120079,-0.505990564823151,-0.0492998361587524,-0.0723220445215702,-0.387598961591721,-0.263452395796776,0.0246228063479066,NA,-0.636468827724457,1.59883379936218,-0.0846193246543407,-0.192730277776718,-0.20517560094595,-0.231644980609417,0.428724676370621,-0.28500372171402,-0.150213003158569,-0.146747455000877,-0.316728740930557,-0.294475331902504,-0.336905062198639
156,0.0733058601617813,-0.198327273130417,0.236993908882141,-0.262212127447128,0.108690693974495,-0.256402760744095,0.0245114490389824,0.215189382433891,-0.352779731154442,NA,0.728987216949463,-0.03795450553298,0.211973950266838,-0.246973223984241,0.518138647079468,-0.110676378011703,-0.539271876215935,-0.028651051223278,0.382284075021744,-0.372268512845039,-0.030423991382122,0.398398846387863,0.417202949523926,-0.040793776512146,-0.0976745635271072,-0.347520738840103,0.696292757987976,-0.183526866137981,0.852618813514709,-0.188138242810965,NA,NA,1.78832900524139,NA,-0.101585239171982,-0.0251042395830154,-0.298330008983612,NA,0.912021458148956,-0.0779553204774857,NA,-0.0643749311566353
157,NA,-0.372361466288567,-0.484426021575928,-0.091609641443938,2.4134337566793,0.637326776981354,2.12542667984962,NA,-0.213499002158642,-0.404413670301437,NA,-0.592011883854866,-0.0733875408768654,1.27243268489838,NA,-0.220450088381767,-0.0753387901932001,-0.0749076022766531,0.742966711521149,-0.0768717750906944,-0.437614232301712,0.0146033950150013,-0.278711780905724,-0.154551357030869,0.665323495864868,-0.383881658315659,-0.328973844647408,-0.538037553429604,NA,-0.449866145849228,0.0444379150867462,-0.0927079394459724,-0.233381852507591,-0.189682118594646,-0.298644125461578,0.279782027006149,-0.301864758133888,-0.245794609189034,-0.15559396147728,-0.289711028337479,-0.334275513887405,-0.252596646547318
158,0.235110111534595,-0.0664643943309784,-0.130321934819221,-0.599462926387787,-0.109872102737427,-0.303848683834076,0.541852235794067,0.636104360222816,-0.248657837510109,0.436281815171242,NA,-0.562238894402981,-0.826733648777008,-0.386040061712265,-0.169046849012375,0.0353858731687069,-0.0170184187591076,0.509768649935722,0.503654479980469,-0.170733205974102,-0.107476323843002,0.278196156024933,-0.317896127700806,-0.246336132287979,0.105980172753334,-0.0786834731698036,-0.267690844833851,0.516657888889313,1.58837509155273,-0.579859763383865,0.612909510731697,-0.0775428488850594,0.0439678002148867,0.651487946510315,0.177713379263878,0.0841584429144859,-0.165611498057842,0.177938602864742,0.0109145725145936,-0.21677128225565,-0.0647670570760965,0.0810956005007029
159,0.697855651378632,0.796880751848221,-0.000923415180295706,0.771292924880981,-0.3456651866436,1.41438007354736,-0.165222018957138,NA,-0.120492398738861,0.0523224920034409,NA,0.067237101495266,0.982583060860634,-0.85843163728714,-0.220183253288269,-0.87431013584137,1.15014123916626,0.143232986330986,0.812350034713745,0.253052413463593,2.86273658275604,0.177652060985565,1.89540779590607,-0.122744951397181,0.343414306640625,NA,-0.261257916688919,0.661483615636826,NA,0.0965287983417511,-0.142002120614052,1.07493209838867,0.737826526165009,4.16931533813477,0.364365432411432,0.442509070038795,0.287551179528236,0.839922189712524,-0.347428277134895,-0.0456705056130886,-0.247672036290169,-0.0221456810832024
160,1.49225926399231,0.682261645793915,0.799806863069534,0.714719653129578,0.503983199596405,-0.286685764789581,0.584573447704315,1.45968961715698,0.220270417630672,0.250254720449448,2.29947996139526,0.883301436901093,0.798919796943665,0.308571875095367,0.460453443229198,0.295752018690109,NA,1.74787282943726,0.319943904876709,1.30185851454735,0.446714729070663,0.254685334861279,-0.325500160455704,-0.0890962369740009,0.193613976240158,0.843213140964508,-0.752674520015717,-0.239715248346329,-0.313758397474885,-0.323597580194473,-0.293895334005356,1.4104882478714,0.674172043800354,1.27230744808912,-0.690097332000732,0.192770570516586,-0.0885062515735626,NA,0.234766632318497,0.592199981212616,0.139112859964371,-0.189286217093468
161,-0.0251393169164658,0.392942860722542,-0.666742205619812,0.778771638870239,0.34164460003376,0.227561265230179,0.413275837898254,0.6883485019207,0.0432663857936859,-0.194107264280319,0.41380363702774,0.240034222602844,0.0436937808990479,0.52082847058773,0.62603035569191,0.267579168081284,-0.531745851039886,NA,0.166465222835541,0.00154947163537145,-0.0479728691279888,0.318277806043625,-0.0482214512303472,1.42180222272873,-0.121597401797771,-0.226420715451241,-0.500956356525421,0.25824449211359,1.51053291559219,-0.0786071792244911,3.37007021903992,NA,2.99907851219177,NA,-0.88917875289917,-0.30368871986866,0.438586011528969,NA,0.638949993997812,-0.286415547132492,NA,-0.899308443069458
162,0.275156170129776,-0.309437572956085,-0.300426691770554,0.801716059446335,0.226210922002792,-0.324333503842354,0.530857026576996,0.146343261003494,-0.24439600110054,-0.247545495629311,0.0858049318194389,2.11478811502457,0.531719982624054,-0.0425923503935337,0.472208827733994,0.0200269259512424,-0.0534261986613274,-0.0775026232004166,0.707142889499664,-0.139550879597664,-0.121445793658495,0.487840384244919,0.687161862850189,0.342453807592392,NA,4.00802135467529,-0.300878793001175,1.27251267433167,NA,NA,-0.138616606593132,0.253691390156746,-0.200895629823208,1.08333373069763,-0.299612924456596,-0.457942798733711,-0.134019270539284,0.080128900706768,-0.140268996357918,-0.225073531270027,-0.279784858226776,-0.161575362086296
163,NA,0.465184554457664,0.020334979519248,-0.317574441432953,0.304211551323533,0.521113038063049,0.102621428668499,-0.915265917778015,0.0117660164833069,-0.0701957941055298,0.716190218925476,-0.0110551407560706,1.18918323516846,0.11938763037324,0.0599667765200138,1.62980335950851,NA,2.06118974089622,0.0264055896550417,0.13294530659914,0.561234176158905,2.11224675178528,0.362875014543533,0.327323764562607,0.33827605843544,0.201378643512726,0.558690249919891,0.694223284721375,0.477585226297379,0.179667241871357,0.628409862518311,NA,NA,NA,-0.419925659894943,NA,0.418168693780899,0.257849991321564,NA,0.406352669000626,2.061119556427,-0.210406199097633
164,-0.252807319164276,-0.328999519348145,-0.276825278997421,2.59845495223999,0.091879740357399,-0.159111902117729,-0.234039843082428,0.396937042474747,-0.238473534584045,0.16004903614521,0.714466214179993,-0.30450527369976,-0.2576794475317,-0.0937553644180298,0.218410506844521,0.480952024459839,-0.0693329405039549,0.177775606513023,-0.153572261333466,-0.341955810785294,-0.636014476418495,0.177511602640152,-0.154034733772278,-0.17894396930933,0.0465322509407997,-0.244865223765373,-0.134897872805595,-0.139428839087486,0.777113080024719,-0.302255488932133,-0.358720898628235,-0.0614845426753163,-0.315471068024635,-0.535054802894592,0.307870879769325,0.177594069391489,-0.368514120578766,-0.42205423116684,-0.299362823367119,-0.305612832307816,-0.263683289289474,-0.295102655887604
165,2.27062165737152,1.31127023696899,1.30349028110504,1.75987195968628,2.78413796424866,0.860653549432755,NA,1.20676419138908,0.702811539173126,NA,8.46332550048828,0.504057615995407,1.71548497676849,NA,1.90159076452255,0.737997889518738,0.560551077127457,2.05939841270447,NA,0.432103902101517,0.70997080206871,2.74787712097168,1.28748512268066,0.698433041572571,2.88043999671936,0.912126451730728,0.992990970611572,1.98946535587311,3.49809980392456,1.16821581125259,1.02288860082626,2.56861960887909,1.11421984434128,1.28422105312347,2.02609395980835,2.74403393268585,0.852911293506622,0.980138957500458,1.65295970439911,0.921133577823639,0.669261604547501,1.15983402729034
166,0.269527092576027,0.164224129170179,0.555419147014618,0.733264826238155,0.933230400085449,-0.122738406062126,-0.0504883900284767,0.353635340929031,0.225521266460419,0.345394253730774,1.09545588493347,-0.382253527641296,-0.0883854776620865,0.102109082043171,0.592923104763031,2.4110255241394,-0.0457840971648693,0.668367624282837,1.61341643333435,-0.15993881970644,-0.0879452563822269,0.332559138536453,-0.0342129468917847,0.417095690965652,0.399972856044769,-0.0522139258682728,-0.0738891311921179,-0.134854689240456,0.719219654798508,0.157138157635927,-0.0820835754275322,1.90957915782928,-0.0741867846809328,0.406111210584641,0.939563885331154,0.513858735561371,0.0213520508259535,0.254668116569519,0.19935168325901,-0.112532220780849,-0.161284208297729,0.50373587012291
167,2.26242804527283,2.34251356124878,1.52814418077469,NA,0.635031893849373,1.75515240430832,NA,1.69162428379059,1.07962155342102,-0.870941460132599,-0.100064255297184,1.6092883348465,2.0434832572937,-0.592814147472382,1.67405140399933,1.06069076061249,0.691812694072723,0.986197024583817,2.60024952888489,0.985678374767303,1.20479822158813,2.14274001121521,2.13541316986084,1.14252114295959,2.92340087890625,2.35255932807922,0.862150311470032,2.5164110660553,2.32531404495239,2.40114367008209,1.23606336116791,1.94830513000488,2.37870979309082,1.61703079938889,1.4096097946167,3.0145788192749,0.899347543716431,1.26147377490997,1.81875288486481,1.74044018983841,0.932241410017014,1.19809913635254
168,-0.107890537008643,-0.189812257885933,-0.0723090171813965,-0.0232211630791426,0.587656661868095,-0.126045450568199,-0.113128788769245,0.913228690624237,-0.0266987383365631,-0.185638777911663,0.760478496551514,-0.182337835431099,0.0521920984610915,-0.00269463285803795,0.668529152870178,-0.23572912812233,0.779068112373352,-0.110648177564144,-0.22421096265316,0.164691776037216,0.476068630814552,0.10355131700635,-0.191897824406624,0.217740848660469,0.690808176994324,-0.114902287721634,0.212106496095657,-0.00806899182498455,0.0274464506655931,-0.125604782253504,0.979978561401367,2.51811838150024,0.925615072250366,NA,0.582007497549057,0.578118443489075,-0.0119443165604025,0.417403489351273,0.240975812077522,0.194912284612656,-0.505381762981415,-0.0910252593457699
169,1.3853160738945,1.45006728172302,1.30343228578568,3.38788509368896,1.54076254367828,0.90778636932373,1.85400545597076,2.17036104202271,1.1376633644104,0.448904991149902,2.25379586219788,1.0620014667511,1.23740828037262,1.66728544235229,2.05830240249634,0.815735757350922,0.352380067110062,1.18576073646545,1.31542360782623,0.779048472642899,0.95976197719574,1.60409045219421,1.35329926013947,1.32851409912109,2.00990700721741,2.88037955760956,1.81872266530991,3.09564900398254,2.87426578998566,1.90808355808258,0.742789506912231,2.21921849250793,6.00367844104767,0.886090844869614,3.36528468132019,2.25259286165237,1.04249680042267,1.66470396518707,3.15505743026733,1.12602028250694,0.384751856327057,1.75821602344513
170,1.08235538005829,0.173176854848862,-0.142708748579025,-0.122234331443906,1.00932157039642,-0.768993884325027,-0.749863684177399,NA,-0.392454862594604,-0.509032160043716,NA,NA,NA,NA,NA,-0.0812552571296692,-0.351056009531021,0.0334258330985904,-0.406575798988342,0.411341637372971,0.260521709918976,NA,-0.875322878360748,0.0679091215133667,NA,NA,0.0405175471678376,NA,NA,NA,NA,-0.320638418197632,-0.276227012276649,-0.323732241988182,0.385171830654144,0.293676853179932,-0.175900921225548,0.201491221785545,0.149582073092461,-0.0373851917684078,-0.160893596708775,-0.118685856461525
171,1.01179575920105,1.76215302944183,1.53747725486755,1.18098247051239,7.58028054237366,-0.370546787977219,1.34721110761166,NA,0.781765520572662,0.359583377838135,-0.628024041652679,-0.136758148670197,2.18026447296143,2.25134587287903,2.12006896734238,0.5304224640131,0.824391514062881,2.11741487681866,0.907275438308716,0.750282943248749,-0.14204466342926,2.33381021022797,1.58681917190552,1.47933900356293,2.2184579372406,2.172807097435,1.71349799633026,2.57523679733276,2.92012453079224,1.86172741651535,1.47162985801697,2.59890878200531,2.36225140094757,1.77910530567169,1.95919847488403,2.33948457241058,0.865983694791794,1.39046829938889,1.88536989688873,1.25119864940643,0.911857724189758,1.40241229534149
172,0.261155039072037,-0.177602708339691,-0.268515333533287,0.395000915974379,0.889165192842484,-0.0990479998290539,0.874750435352325,-0.771677494049072,0.0426554642617702,1.03002262115479,-0.276799067854881,0.823440432548523,0.498846024274826,-0.0686868864577264,-0.0712486580014229,-0.175490468740463,-0.314510226249695,-0.00322817359119654,-0.0745985880494118,-0.0104061719030142,-0.231132961809635,-0.197800800204277,0.591616600751877,-0.00164171343203634,-0.494360715150833,0.0967416483908892,0.567118287086487,-0.471729457378387,-0.0746101960539818,0.45598366856575,-0.208867639303207,-0.170201793313026,-0.143959924578667,-0.484324336051941,0.116515681147575,0.364921480417252,-0.144873902201653,-0.0527623444795609,0.0495775751769543,-0.158501960337162,-0.200902037322521,-0.130619212985039
173,-0.160139158368111,-0.386232972145081,-0.281991332769394,0.460370127111673,-0.223495855927467,-0.494917154312134,2.0681095123291,-0.440793935209513,-0.194727152585983,-0.586855590343475,NA,0.126687531359494,-0.384812265634537,-0.725670039653778,-0.319526731967926,-0.221233226358891,-0.233219474554062,-0.259928695857525,0.628669142723083,-0.30206310749054,-0.254877150058746,-0.260529898107052,-0.501694470643997,-0.220784194767475,-0.555903792381287,-0.0207139514386654,-0.517036408185959,-0.0668025612831116,NA,-0.751392066478729,1.65293478965759,-0.117637366056442,-0.307594895362854,-0.266947358846664,-0.30489656329155,-0.186771914362907,-0.298159182071686,-0.253322869539261,-0.077667661011219,-0.29093910753727,-0.318584054708481,-0.322285383939743
174,2.75153541564941,2.78404355049133,2.34849691390991,3.88815253973007,1.62887167930603,2.18430054187775,2.72353911399841,2.24673587083817,0.894942939281464,1.1610324382782,5.43106234073639,2.3715797662735,1.90345299243927,1.53206878900528,3.3524432182312,2.02298033237457,1.99359786510468,4.03607749938965,0.741441607475281,2.37580513954163,3.87887072563171,2.44032979011536,2.4821355342865,2.26898169517517,3.64598262310028,2.62727165222168,1.95566844940186,2.52948796749115,3.69705140590668,2.16479396820068,3.29509401321411,3.47012972831726,3.02344810962677,2.94259250164032,3.29207801818848,2.94114077091217,2.20327234268188,1.70328164100647,2.41831707954407,2.57259845733643,1.54235255718231,2.0151954293251
175,1.54000961780548,1.47776317596436,1.80436462163925,0.593698084354401,2.82909965515137,0.600780427455902,0.781390130519867,2.84662842750549,-0.0224563833326101,1.24082267284393,3.59283185005188,1.40409672260284,2.10171604156494,1.42004609107971,5.23887944221497,1.11285218596458,0.989197105169296,0.972279787063599,3.46183508634567,0.796673059463501,0.718494713306427,0.759029150009155,1.06533506512642,1.36409044265747,1.31521332263947,0.857415556907654,1.32973849773407,1.48569691181183,2.27985548973083,1.43928968906403,1.29628729820251,-0.143471837043762,5.97567510604858,-0.622529804706573,0.767200291156769,2.48170042037964,0.86384504288435,1.5628590285778,0.762875258922577,0.813844829797745,0.781271576881409,1.18706500530243
176,1.06647670269012,0.0582338571548462,-0.275515824556351,1.19714824855328,0.610194504261017,-0.507649421691895,0.76865828037262,2.26149851083755,-0.254349499940872,0.0336864143610001,NA,NA,6.22107124328613,-0.157895863056183,3.75707433372736,11.7641458511353,0.571220099925995,-0.545506536960602,0.847920209169388,0.324080735445023,-0.515685439109802,0.70315919816494,-0.122620075941086,1.20992302894592,0.475977316498756,-0.980124950408936,2.64180208742619,6.99789905548096,2.71769952774048,NA,NA,1.664705991745,0.498462647199631,2.16076254844666,0.656165391206741,2.29763829708099,-0.346957147121429,-0.429409705102444,0.370656728744507,0.355587065219879,0.323568433523178,0.441676467657089
177,NA,0.0230786465108395,NA,2.83707141876221,-0.905729115009308,0.106855127960443,1.65746653079987,NA,0.248346999287605,NA,-0.323931097984314,0.183622740209103,0.294447958469391,-0.0530948415398598,-0.842621207237244,1.54367858171463,NA,NA,NA,0.643879681825638,1.4053270816803,NA,0.480090498924255,-0.407920837402344,2.55830073356628,0.574639499187469,0.561186194419861,0.266096673905849,0.520401358604431,0.444640904664993,1.84498977661133,NA,NA,NA,NA,NA,2.84297585487366,NA,NA,0.258568197488785,NA,1.12518835067749
178,0.853872813284397,0.765024542808533,0.598921060562134,2.45624899864197,2.66186988353729,0.645221620798111,-0.706702828407288,NA,0.509318590164185,-0.346493475139141,1.00835239887238,-0.737542480230331,-0.62311053276062,3.01740008592606,NA,4.52673387527466,NA,-0.573143601417542,1.41164964437485,0.812350302934647,-0.679168403148651,1.58326625823975,-0.321047566831112,-0.00364175089634955,2.91826891899109,-0.198914926499128,-0.42365026473999,0.812895953655243,NA,0.659002959728241,-0.86173415184021,1.54309058189392,NA,NA,1.67198419570923,0.36988250631839,0.455803826451302,0.828697871183977,0.394033096730709,0.211900815367699,1.33499431610107,-0.359524488449097
179,-0.0415336936712265,-0.400106102228165,-0.197013989090919,-0.0450423583388329,1.06227564439178,-0.313606202602386,-0.690953761339188,-0.631082057952881,-0.259941153228283,NA,NA,-0.48329558968544,-0.148937724530697,-0.130113452672958,-0.00433806609362364,-0.396245211362839,-0.272012151777744,-0.505464255809784,-0.162507227621973,-0.400768250226974,-0.594965577125549,-0.00633256183937192,-0.288314342498779,-0.207327142357826,0.729495018720627,-0.287318557500839,-0.224286153912544,-0.260317534208298,3.25196146965027,-0.33687350153923,-0.51726496219635,0.0298668686300516,-0.126173928380013,-0.569035738706589,-0.137517631053925,-0.143298957496881,-0.340938985347748,-0.104032911360264,-0.235129281878471,-0.349709898233414,-0.230438977479935,-0.336850479245186
180,NA,0.137272089719772,-0.488565102219582,-0.132590230554342,2.04574120044708,-0.305615782737732,-0.0991216078400612,0.972180724143982,-0.198729440569878,-0.826558113098145,0.527606606483459,-0.287112221121788,0.0610261484980583,-0.0152670561801642,2.07904005050659,-0.37666442990303,-0.0413799434900284,0.591875374317169,1.05773770809174,-0.243886671960354,-0.313062772154808,NA,-0.592520952224731,0.642520844936371,0.251925200223923,-0.0893647782504559,0.106081388890743,-0.332193270325661,0.567337274551392,-0.210868179798126,1.09689110517502,-0.262743685394526,0.789962410926819,NA,2.5986140370369,NA,0.418386697769165,NA,2.75378108024597,-0.955344617366791,NA,NA
181,3.17728352546692,5.3936595916748,2.36168527603149,NA,4.01271033287048,6.74523210525513,NA,-0.0886817425489426,0.499442458152771,-0.668436110019684,NA,-0.164163902401924,0.291577696800232,NA,2.63730028271675,2.23062741756439,1.73970121145248,NA,-0.804332554340363,0.0409276783466339,NA,2.49008703231812,3.26056098937988,1.31856778264046,4.54738616943359,3.50800907611847,2.24422717094421,7.58852577209473,3.68049800395966,4.13796424865723,3.90434288978577,3.87151551246643,3.6429797410965,2.49306392669678,3.9387913942337,1.96128123998642,2.25922477245331,2.21236824989319,2.21258139610291,2.27252840995789,1.97585397958755,2.42930209636688
182,2.79806041717529,0.69319748878479,0.406623527407646,0.639389783143997,2.34325075149536,1.09152448177338,0.156481817364693,1.3283451795578,0.633919544517994,0.159774973988533,0.691405057907104,-0.314547032117844,0.405249334871769,0.326752886176109,2.70917057991028,0.916477113962173,0.649606272578239,0.418786153197289,0.816093295812607,1.16363835334778,0.572009205818176,0.964534521102905,-0.619122460484505,1.15169680118561,0.654415786266327,NA,6.47212707996368,0.721557378768921,-0.592451065778732,0.846575975418091,-0.00683880364522338,-0.070549488067627,-0.345937222242355,0.0855353027582169,1.3871676325798,0.940143764019012,1.94290816783905,0.220583960413933,1.66639560461044,1.17781865596771,0.884392261505127,0.289289057254791
183,NA,1.41804754734039,2.26301968097687,1.21681761741638,2.38357782363892,0.778226971626282,1.26935097575188,NA,0.616638317704201,0.672577917575836,NA,NA,3.09269845485687,NA,NA,5.01824378967285,1.76306080818176,2.36371994018555,0.0750571042299271,2.88895899057388,3.05539214611053,NA,NA,NA,NA,NA,NA,NA,NA,NA,4.45520401000977,NA,NA,1.90374785661697,NA,NA,NA,3.40704607963562,NA,10.6842975616455,0.214588701725006,NA
184,NA,0.405543625354767,0.0315201506018639,-0.278113186359406,-0.217792958021164,-0.131866678595543,0.943238794803619,0.121916629374027,0.0588471964001656,1.08227479457855,0.622115671634674,-0.017466526478529,0.318166434764862,0.235433533787727,1.49569641053677,0.0616149380803108,NA,NA,NA,0.0463180057704449,-0.183544903993607,NA,1.55077302455902,0.0894335061311722,-0.826991558074951,-0.209995925426483,0.228329211473465,-0.0246808789670467,8.18537819385529,0.00204016827046871,NA,NA,NA,NA,NA,NA,-0.459248036146164,NA,NA,-0.45207042992115,NA,NA
185,0.977688908576965,0.10673201829195,0.751076310873032,0.51642781496048,0.754226684570312,0.720421969890594,0.762855857610703,1.24063736200333,0.784806132316589,0.501427859067917,1.11925688385963,1.13250610232353,0.420958578586578,0.597265005111694,1.39711594581604,0.8577716127038,-0.343775063753128,1.8610817193985,0.527547433972359,0.229041658341885,0.19016095995903,NA,0.75641992688179,0.617380023002625,0.872292280197144,1.71709188818932,2.39230674505234,0.0362682999111712,-0.084342360496521,2.32433795928955,2.32451295852661,NA,NA,1.81137156486511,-0.615601778030396,NA,-0.116527274250984,NA,NA,0.729471266269684,NA,NA
186,13.2505626678467,2.45101141929626,3.46843361854553,1.26878571510315,1.83099406957626,1.51252537965775,1.89353799819946,0.687449753284454,0.350429952144623,3.44297873973846,4.07000857591629,0.550493538379669,NA,3.99592733383179,3.67897915840149,-0.0452788062393665,2.49746441841125,NA,6.11332249641418,5.09259939193726,6.70445394515991,0.523599624633789,4.01217603683472,2.77182453870773,1.44961658120155,0.751581907272339,0.11032796651125,0.765353858470917,0.459541410207748,NA,NA,3.80759233236313,2.13071590662003,NA,-0.547157168388367,4.25537729263306,-0.619810402393341,2.47342944145203,10.5703353881836,0.273174554109573,0.120010748505592,4.82376718521118
187,2.74684000015259,0.906126499176025,-0.885870635509491,0.532861411571503,0.793752729892731,-0.340818554162979,0.495783805847168,0.16055004298687,-0.20025759935379,NA,0.426974207162857,-0.103376861661673,-0.355562619864941,0.200426802039146,0.637163817882538,0.0329899452626705,NA,NA,-0.747563004493713,0.168783779721707,0.560312509536743,0.663311392068863,-0.339810945093632,0.236919060349464,0.418418526649475,0.551823735237122,1.02285945415497,0.661885738372803,0.550277411937714,0.405074208974838,-0.124965585768223,0.0540620759129524,NA,NA,12.3537731170654,1.55319058895111,NA,1.89134430885315,-0.11421962082386,0.812691181898117,-0.384198307991028,-0.89550507068634
188,4.59579229354858,6.06631708145142,3.46048748493195,9.49024200439453,2.73360347747803,NA,7.06024384498596,0.93060764670372,6.87475204467773,2.1550840139389,NA,NA,1.74146527051926,-0.381687760353088,3.20015335083008,3.64571857452393,2.54386448860168,4.10826897621155,4.71932291984558,3.70665073394775,4.33464121818542,4.98010635375977,4.77269649505615,6.07730507850647,4.47855496406555,11.8220930099487,5.52763080596924,5.64624333381653,4.22318577766418,7.7849555015564,4.88302135467529,5.55090951919556,5.77990913391113,5.10825133323669,5.36256313323975,4.0439977645874,NA,3.46890354156494,2.16608041524887,3.25103521347046,4.16000533103943,5.63513040542603
189,3.5544159412384,3.05444538593292,2.83137774467468,7.37291955947876,3.9831211566925,2.40410423278809,4.04413151741028,3.91754841804504,1.6594865322113,1.89979195594788,3.45061826705933,3.58785891532898,2.79762732982635,4.54789543151855,3.20370388031006,2.35314226150513,1.25575619935989,4.67487716674805,3.37832188606262,1.78231370449066,3.98957514762878,2.75151753425598,3.80080151557922,2.47395777702332,4.39624071121216,2.30376791954041,2.65509057044983,3.48936355113983,4.40635251998901,3.9360579252243,2.3808981180191,3.80661106109619,3.3584349155426,2.75675797462463,4.00126838684082,3.33074426651001,1.66836851835251,2.53290414810181,1.70368736982346,3.27654314041138,1.49251925945282,2.18415129184723
190,NA,-0.471450164914131,-0.47259259223938,NA,2.56892120093107,-0.0626175925135612,-0.648536145687103,NA,-0.612731635570526,NA,NA,-0.00215547531843185,0.272561891004443,NA,NA,-0.382497102022171,0.239767730236053,NA,NA,-0.0597660690546036,NA,3.23430109024048,0.254266709089279,NA,1.90730294585228,-0.29285991191864,-0.333331197500229,0.448340207338333,-0.0877598151564598,0.378088593482971,0.915899395942688,4.2291384935379,0.701839327812195,2.21355354785919,0.5124401897192,0.982980370521545,-0.0499459858983755,0.520635694265366,1.56577801704407,0.0759802758693695,0.187315568327904,0.721468031406403
191,4.55267810821533,6.42480182647705,2.35423028469086,9.30985069274902,2.23397946357727,1.85377955436707,NA,3.63439583778381,3.72113990783691,3.96693111583591,-0.00830193422734737,1.70493651926517,3.92733716964722,8.61859893798828,1.44672667980194,2.52665758132935,1.39753955602646,6.23411297798157,NA,1.83937966823578,3.69163393974304,2.84590244293213,3.18176317214966,4.50181841850281,4.3583128452301,3.15174627304077,3.01894819736481,1.88693869113922,3.27394413948059,3.74464225769043,3.0906742811203,4.91258764266968,5.31817603111267,2.42745506763458,3.96830940246582,4.15552377700806,3.60311758518219,2.98689794540405,3.69108867645264,2.77858304977417,2.05200695991516,4.72893047332764
192,4.60983562469482,1.68185806274414,0.336539387702942,3.71633684635162,1.57186555862427,2.1921591758728,0.953273683786392,NA,0.416452333331108,1.11814308166504,1.83720791339874,0.136382296681404,2.28671079874039,2.62722742557526,0.428556680679321,NA,1.5246918797493,1.09409481287003,2.35709042102098,0.653624594211578,2.79149043560028,NA,NA,-0.333582937717438,4.49695539474487,NA,-0.0589059330523014,2.03796923160553,1.5528439283371,8.40991020202637,NA,3.75269281864166,0.985072255134583,1.83984398841858,0.855329409241676,4.73827457427979,0.9498091340065,2.30447602272034,0.258545845746994,0.073102779686451,2.97728180885315,2.86723613739014
193,5.62939786911011,2.56056785583496,3.44599309191108,2.11319315433502,2.70023727416992,2.73594093322754,3.01704478263855,3.4830949306488,1.79967224597931,0.435677975416183,2.42338931560516,0.986121624708176,1.46273827552795,1.479527592659,1.5783799290657,2.56346642971039,0.536619134247303,2.07838439941406,1.43177735805511,4.81766724586487,1.5748827457428,1.74124979972839,1.42356020212173,1.32020637392998,2.83857667446136,1.1464216709137,1.91803669929504,2.68501257896423,2.67329740524292,1.55523407459259,2.02094554901123,2.09717661142349,0.0199392251670361,1.90499079227448,1.655104637146,3.8971540927887,1.16772750020027,0.83705846965313,1.6851452589035,0.854166924953461,0.175075948238373,2.22942423820496
194,0.443028599023819,2.44195795059204,NA,1.1023234128952,1.97157508134842,-0.0561089739203453,0.471995502710342,1.01486188173294,1.29308366775513,NA,1.12301278114319,0.192121883155778,1.20302975177765,0.473977334797382,0.81609320640564,NA,0.625868618488312,NA,0.637642979621887,-0.157183773815632,0.065961167216301,0.818791270256042,0.813296407461166,2.89328457787633,0.874150514602661,0.0537146721035242,3.05046939849854,0.939013570547104,0.994217157363892,0.740804016590118,0.82032984495163,-0.312975883483887,NA,NA,NA,0.845624983310699,1.41311424970627,NA,8.39590033888817,1.95025229454041,NA,0.800238877534866
195,6.86921000480652,5.74511957168579,NA,NA,8.91384744644165,2.13379836082458,8.35727596282959,1.75614011287689,2.77613365650177,6.61064982414246,1.38426649570465,2.06010031700134,0.509126350283623,0.976613521575928,3.84143090248108,3.82968175411224,4.0066639482975,NA,8.09188151359558,1.92615079879761,0.753848016262054,4.97733974456787,7.05326700210571,NA,4.56141495704651,0.82945591211319,4.37028110027313,4.85143887996674,5.71987557411194,2.92636684328318,2.8364330381155,15.1364936828613,NA,NA,NA,4.92172050476074,9.58177781105042,3.16304564476013,3.71448755264282,5.07379055023193,4.98820495605469,4.56385850906372
196,5.35697078704834,NA,NA,-0.969881117343903,3.51397275924683,1.98383951187134,4.53130674362183,2.58801031112671,2.11569571495056,2.05421137809753,NA,2.63167810440063,8.06103324890137,NA,2.9841845035553,2.16617965698242,5.85687041282654,2.60892653465271,3.36381959915161,2.98833560943604,2.14164906740189,-0.0610633417963982,13.4992980957031,NA,NA,NA,NA,NA,1.1176495552063,NA,NA,1.64542573690414,NA,2.97320106625557,8.15160846710205,1.44448792934418,NA,NA,NA,NA,NA,NA
197,NA,NA,3.31301951408386,NA,3.12630438804626,0.645909905433655,NA,3.31726133823395,NA,NA,8.06092422455549,NA,12.8154258728027,NA,8.2440357208252,NA,NA,NA,2.24847149848938,NA,NA,-0.578633904457092,NA,NA,0.215399578213692,NA,NA,0.475284844636917,NA,NA,NA,0.649901509284973,0.133298233151436,0.119215816259384,NA,4.81656122207642,NA,-0.49054753780365,3.08586120605469,NA,NA,1.27648878097534
198,6.49161410331726,NA,NA,4.2374564409256,4.09792518615723,1.7855099439621,5.90276527404785,3.57232689857483,4.74143934249878,11.085768699646,1.9754410982132,0.988285541534424,18.2648766934872,0.105401754379272,2.75955128669739,1.61013746261597,2.28056883811951,6.1388692855835,5.36802911758423,4.734419465065,4.62850189208984,3.88436949253082,NA,NA,5.80678606033325,NA,NA,4.26328420639038,8.68509757518768,-0.722776532173157,NA,4.97996771335602,NA,2.88467216491699,1.98963725566864,9.31059777736664,6.03040409088135,NA,4.0522403717041,NA,5.25146341323853,4.93413019180298
199,NA,12.3342771530151,NA,NA,11.3790731430054,11.6578531265259,8.43442249298096,7.03259897232056,NA,3.24803352355957,8.17663168907166,7.85722827911377,5.28243589401245,2.80269718170166,13.9843649864197,3.69701099395752,11.0003678798676,NA,NA,2.03519582748413,11.8163805007935,NA,3.881383061409,NA,NA,NA,1.69336438179016,NA,NA,6.69835758209229,NA,3.0543909072876,1.70137894153595,10.6133451461792,11.018946647644,NA,NA,14.0492105484009,NA,NA,NA,3.9208812713623
200,3.75447511672974,0.736676096916199,-0.251106828451157,NA,1.14225924015045,0.285105794668198,2.91409969329834,2.10799163579941,0.852226495742798,NA,1.08183646202087,-0.332209646701813,NA,0.0642687082290649,-0.367167860269547,NA,0.841033816337585,NA,4.52270269393921,0.911702156066895,0.277448892593384,0.600348174571991,0.0381260514259338,1.779141664505,0.740105628967285,0.341639846563339,-0.857494533061981,1.4769446849823,1.38081020116806,2.63680362701416,NA,NA,0.958154737949371,1.04708302021027,NA,2.45264339447021,7.56544780731201,NA,1.10686683654785,0.670319527387619,-0.0682457014918327,NA
